#Array shape: (1, 67, 4)
8.104599714279174805e-01 5.517322421073913574e-01 -8.254487067461013794e-02 -1.786967068910598755e-01
9.704025983810424805e-01 2.225639820098876953e-01 2.345825545489788055e-02 9.074120223522186279e-02
9.880316257476806641e-01 3.877374529838562012e-02 1.468500494956970215e-01 2.692871354520320892e-02
9.886006712913513184e-01 -8.926255255937576294e-02 1.200305446982383728e-01 1.713464781641960144e-02
9.868268966674804688e-01 -1.503098607063293457e-01 5.904505029320716858e-02 -9.668045677244663239e-03
9.404225349426269531e-01 -3.306042253971099854e-01 7.690896093845367432e-02 -1.978144422173500061e-02
1.000000000000000000e+00 0.000000000000000000e+00 0.000000000000000000e+00 0.000000000000000000e+00
1.000000000000000000e+00 0.000000000000000000e+00 0.000000000000000000e+00 0.000000000000000000e+00
1.000000000000000000e+00 0.000000000000000000e+00 0.000000000000000000e+00 0.000000000000000000e+00
9.442216157913208008e-01 4.043040424585342407e-02 -1.484475135803222656e-01 2.911602258682250977e-01
6.913345456123352051e-01 -6.441912055015563965e-01 -3.206228911876678467e-01 -6.538590043783187866e-02
8.861925601959228516e-01 3.445945680141448975e-01 -2.886690199375152588e-01 1.121943816542625427e-01
9.407340288162231445e-01 -9.637371450662612915e-02 1.879958063364028931e-01 2.653099894523620605e-01
9.999259114265441895e-01 -1.142041664570569992e-02 3.597363247536122799e-04 -4.205587785691022873e-03
9.927284717559814453e-01 6.671030074357986450e-02 1.001710295677185059e-01 -2.385524567216634750e-03
9.920972585678100586e-01 -6.413243710994720459e-02 -1.078224927186965942e-01 2.079104073345661163e-03
1.000000000000000000e+00 0.000000000000000000e+00 0.000000000000000000e+00 0.000000000000000000e+00
9.930031299591064453e-01 7.434187829494476318e-02 -4.247958213090896606e-02 8.132401108741760254e-02
9.908539652824401855e-01 2.153115201508626342e-04 2.058377256616950035e-03 -1.349226683378219604e-01
9.905283451080322266e-01 -1.721267035463824868e-04 1.614891341887414455e-03 -1.372994631528854370e-01
1.000000000000000000e+00 0.000000000000000000e+00 0.000000000000000000e+00 0.000000000000000000e+00
9.971576333045959473e-01 -1.944633084349334240e-03 2.674157731235027313e-02 7.041116803884506226e-02
9.685828685760498047e-01 3.011401349795050919e-05 5.615958943963050842e-03 -2.486275434494018555e-01
9.775686264038085938e-01 1.157070582848973572e-04 3.271692257840186357e-04 -2.106167525053024292e-01
1.000000000000000000e+00 0.000000000000000000e+00 0.000000000000000000e+00 0.000000000000000000e+00
9.922001361846923828e-01 2.527043456211686134e-03 1.012588441371917725e-01 7.265746593475341797e-02
9.591326713562011719e-01 -7.518402417190372944e-04 2.421881072223186493e-03 -2.829458117485046387e-01
9.451407194137573242e-01 -7.654601940885186195e-04 6.480367388576269150e-03 -3.265983760356903076e-01
1.000000000000000000e+00 0.000000000000000000e+00 0.000000000000000000e+00 0.000000000000000000e+00
9.770820140838623047e-01 -1.039610523730516434e-02 1.905066072940826416e-01 -9.439246356487274170e-02
9.870069622993469238e-01 -7.489462586818262935e-05 1.556165516376495361e-03 -1.606705486774444580e-01
9.701154828071594238e-01 2.299499610671773553e-04 1.699396641924977303e-03 -2.426377385854721069e-01
1.000000000000000000e+00 0.000000000000000000e+00 0.000000000000000000e+00 0.000000000000000000e+00
9.961794018745422363e-01 1.083041634410619736e-02 7.352398242801427841e-04 8.665350079536437988e-02
8.790637254714965820e-01 -2.634789645671844482e-01 3.776465058326721191e-01 1.233243346214294434e-01
8.030363917350769043e-01 3.723005652427673340e-01 4.221847355365753174e-01 -1.956659257411956787e-01
8.761050105094909668e-01 8.872891962528228760e-02 6.860111653804779053e-02 -4.688937067985534668e-01
9.871855378150939941e-01 1.598668470978736877e-02 -1.411579996347427368e-01 7.268914580345153809e-02
8.435472249984741211e-01 1.452673604944720864e-04 -2.672294620424509048e-03 5.370483398437500000e-01
8.556080460548400879e-01 -1.099870860343798995e-04 -2.158310031518340111e-03 5.176197290420532227e-01
1.000000000000000000e+00 0.000000000000000000e+00 0.000000000000000000e+00 0.000000000000000000e+00
9.915236234664916992e-01 4.552865028381347656e-02 -1.018142700195312500e-01 -6.664756685495376587e-02
9.086323976516723633e-01 -1.319159753620624542e-03 -3.189635230228304863e-03 4.175826013088226318e-01
8.094276189804077148e-01 -1.864738063886761665e-03 -8.222747594118118286e-03 5.871591567993164062e-01
1.000000000000000000e+00 0.000000000000000000e+00 0.000000000000000000e+00 0.000000000000000000e+00
9.953092336654663086e-01 1.468436978757381439e-02 -6.068668887019157410e-02 -7.389892637729644775e-02
9.148789048194885254e-01 5.755074671469628811e-04 -5.809472408145666122e-03 4.036864340305328369e-01
8.413417339324951172e-01 2.505449810996651649e-04 -1.411360455676913261e-03 5.405017137527465820e-01
1.000000000000000000e+00 0.000000000000000000e+00 0.000000000000000000e+00 0.000000000000000000e+00
9.985351562500000000e-01 -8.123006671667098999e-03 4.333508387207984924e-02 -3.136295825242996216e-02
9.183771610260009766e-01 2.847815048880875111e-04 -2.099394099786877632e-03 3.957005441188812256e-01
9.153320789337158203e-01 -5.752012366428971291e-04 -1.886324025690555573e-03 4.026950597763061523e-01
1.000000000000000000e+00 0.000000000000000000e+00 0.000000000000000000e+00 0.000000000000000000e+00
9.447849988937377930e-01 -3.096287846565246582e-01 9.485805779695510864e-02 5.013312771916389465e-02
9.527266025543212891e-01 1.613676697015762329e-01 -1.923138946294784546e-01 -1.711369454860687256e-01
9.639188051223754883e-01 7.749278098344802856e-02 -2.394302636384963989e-01 -8.676757663488388062e-02
1.000000000000000000e+00 0.000000000000000000e+00 0.000000000000000000e+00 0.000000000000000000e+00
9.939869642257690430e-01 -6.635986268520355225e-02 6.608195602893829346e-02 5.674044042825698853e-02
9.800137281417846680e-01 1.882776618003845215e-01 6.061256676912307739e-02 2.123005315661430359e-02
9.984532594680786133e-01 2.322371117770671844e-02 4.572752863168716431e-02 2.146454341709613800e-02
9.245305657386779785e-01 -3.468680977821350098e-01 1.316134929656982422e-01 -8.719992637634277344e-02
1.000000000000000000e+00 0.000000000000000000e+00 0.000000000000000000e+00 0.000000000000000000e+00
6.163627505302429199e-01 -7.724419236183166504e-01 -9.869204461574554443e-02 1.170065253973007202e-01
4.444231986999511719e-01 8.782585263252258301e-01 7.913072407245635986e-02 1.577603816986083984e-01
9.752506017684936523e-01 -2.154976576566696167e-01 2.009651064872741699e-02 -4.520180076360702515e-02
9.370704889297485352e-01 -3.369915187358856201e-01 -1.577370613813400269e-02 -8.992772549390792847e-02
1.000000000000000000e+00 0.000000000000000000e+00 0.000000000000000000e+00 0.000000000000000000e+00
#New slice
