#Array shape: (1, 67, 4)
9.989699125289916992e-01 2.468122728168964386e-02 2.519129030406475067e-02 -2.855353988707065582e-02
9.997857809066772461e-01 1.862662844359874725e-02 1.236245385371148586e-03 8.942009881138801575e-03
9.999692440032958984e-01 6.976642180234193802e-03 -1.102385693229734898e-03 3.409548662602901459e-03
9.999690651893615723e-01 6.962335202842950821e-03 -1.192391617223620415e-03 3.464132081717252731e-03
9.985620379447937012e-01 5.059478804469108582e-02 -2.219538204371929169e-03 1.757993921637535095e-02
9.972264170646667480e-01 -4.653302952647209167e-02 1.550121791660785675e-02 -5.598271638154983521e-02
1.000000000000000000e+00 0.000000000000000000e+00 0.000000000000000000e+00 0.000000000000000000e+00
1.000000000000000000e+00 0.000000000000000000e+00 0.000000000000000000e+00 0.000000000000000000e+00
1.000000000000000000e+00 0.000000000000000000e+00 0.000000000000000000e+00 0.000000000000000000e+00
9.971128702163696289e-01 6.831443309783935547e-02 -2.497693710029125214e-02 2.180012129247188568e-02
4.501987993717193604e-01 5.572955012321472168e-01 -5.649023652076721191e-01 -4.094241857528686523e-01
9.083747863769531250e-01 -1.843632161617279053e-01 -3.678117394447326660e-01 -7.469916343688964844e-02
9.502322673797607422e-01 -1.631280183792114258e-01 -6.121652573347091675e-02 2.582646906375885010e-01
9.927370548248291016e-01 -1.578686945140361786e-02 2.834603190422058105e-02 1.158466711640357971e-01
9.964714646339416504e-01 4.956120252609252930e-02 6.655684858560562134e-02 -1.259266957640647888e-02
9.984225034713745117e-01 -2.567687071859836578e-03 4.259695485234260559e-02 3.648863360285758972e-02
1.000000000000000000e+00 0.000000000000000000e+00 0.000000000000000000e+00 0.000000000000000000e+00
9.794042706489562988e-01 2.193425409495830536e-02 5.069448426365852356e-02 -1.942065954208374023e-01
9.809511303901672363e-01 -1.393738784827291965e-04 2.160109113901853561e-03 -1.942426860332489014e-01
9.867316484451293945e-01 3.386313037481158972e-04 1.599226845428347588e-03 -1.623513847589492798e-01
1.000000000000000000e+00 0.000000000000000000e+00 0.000000000000000000e+00 0.000000000000000000e+00
9.883106350898742676e-01 -2.471361868083477020e-02 4.671056941151618958e-02 -1.430017203092575073e-01
9.664691686630249023e-01 -1.013159999274648726e-04 5.730733741074800491e-03 -2.567188143730163574e-01
9.920499324798583984e-01 3.292594919912517071e-04 4.405042564030736685e-04 -1.258439272642135620e-01
1.000000000000000000e+00 0.000000000000000000e+00 0.000000000000000000e+00 0.000000000000000000e+00
9.893076419830322266e-01 -5.259547382593154907e-02 8.322292566299438477e-02 -1.076014116406440735e-01
9.557884335517883301e-01 -1.067278557457029819e-03 2.675016876310110092e-03 -2.940414249897003174e-01
9.893599748611450195e-01 2.103812876157462597e-04 6.144860759377479553e-03 -1.453584283590316772e-01
1.000000000000000000e+00 0.000000000000000000e+00 0.000000000000000000e+00 0.000000000000000000e+00
9.783834815025329590e-01 -7.161536812782287598e-02 8.719423413276672363e-02 -1.733043193817138672e-01
9.647061228752136230e-01 -2.075767552014440298e-04 2.138647716492414474e-03 -2.633201181888580322e-01
9.952808618545532227e-01 7.448390533681958914e-05 1.194703858345746994e-03 -9.702885150909423828e-02
1.000000000000000000e+00 0.000000000000000000e+00 0.000000000000000000e+00 0.000000000000000000e+00
9.974668622016906738e-01 6.952287256717681885e-02 -1.494722720235586166e-02 -1.737404498271644115e-03
4.777843654155731201e-01 5.559257268905639648e-01 5.065153241157531738e-01 4.539943933486938477e-01
9.508398175239562988e-01 1.296713352203369141e-01 2.786533832550048828e-01 -3.796717524528503418e-02
9.683640599250793457e-01 -2.437464594841003418e-01 -3.882938995957374573e-02 3.675584495067596436e-02
8.736628293991088867e-01 -1.944103837013244629e-01 -4.674378409981727600e-02 4.435457885265350342e-01
7.380099296569824219e-01 6.118888501077890396e-03 -1.071402728557586670e-01 6.662018299102783203e-01
8.679322004318237305e-01 -3.715655766427516937e-03 -8.621102571487426758e-02 4.891294240951538086e-01
1.000000000000000000e+00 0.000000000000000000e+00 0.000000000000000000e+00 0.000000000000000000e+00
8.531852364540100098e-01 -1.118861734867095947e-01 -3.521338105201721191e-02 5.082483887672424316e-01
8.326255083084106445e-01 1.624055393040180206e-02 -1.093998998403549194e-01 5.426812171936035156e-01
8.156848549842834473e-01 -2.929679816588759422e-03 -1.029034256935119629e-01 5.692631006240844727e-01
1.000000000000000000e+00 0.000000000000000000e+00 0.000000000000000000e+00 0.000000000000000000e+00
8.528791069984436035e-01 -3.873318433761596680e-02 -2.393034473061561584e-02 5.201194882392883301e-01
7.247899770736694336e-01 -4.103360231965780258e-03 -1.142409890890121460e-01 6.794201135635375977e-01
9.461978077888488770e-01 2.669490640982985497e-03 -4.607713595032691956e-02 3.202804327011108398e-01
1.000000000000000000e+00 0.000000000000000000e+00 0.000000000000000000e+00 0.000000000000000000e+00
8.599466681480407715e-01 3.908244147896766663e-02 -5.145391449332237244e-02 5.062773823738098145e-01
7.076919078826904297e-01 3.727749688550829887e-03 -9.776148945093154907e-02 6.997150182723999023e-01
9.320558905601501465e-01 -7.768736220896244049e-03 -7.329924404621124268e-02 3.547374606132507324e-01
1.000000000000000000e+00 0.000000000000000000e+00 0.000000000000000000e+00 0.000000000000000000e+00
9.831810593605041504e-01 1.389949023723602295e-01 -6.844889372587203979e-02 9.669646620750427246e-02
9.629945158958435059e-01 7.154525071382522583e-02 -2.365766018629074097e-01 -1.074911132454872131e-01
9.179140329360961914e-01 7.773858308792114258e-02 -3.407830893993377686e-01 -1.877695322036743164e-01
1.000000000000000000e+00 0.000000000000000000e+00 0.000000000000000000e+00 0.000000000000000000e+00
9.808092713356018066e-01 -8.231890201568603516e-02 1.288353651762008667e-01 1.209887713193893433e-01
9.910790920257568359e-01 1.299048662185668945e-01 -2.532025612890720367e-02 1.568452268838882446e-02
9.921991229057312012e-01 -6.695329397916793823e-02 5.237920209765434265e-03 -1.050276905298233032e-01
9.989683032035827637e-01 -4.541505873203277588e-02 1.916453662431649718e-08 -4.971525413566268981e-08
1.000000000000000000e+00 0.000000000000000000e+00 0.000000000000000000e+00 0.000000000000000000e+00
9.923474192619323730e-01 -8.221150189638137817e-02 -9.115401655435562134e-02 1.337308716028928757e-02
9.842477440834045410e-01 1.643597632646560669e-01 6.491345167160034180e-02 5.355104338377714157e-03
9.944235086441040039e-01 -1.053969860076904297e-01 2.412362489849328995e-03 2.746533369645476341e-03
9.998108744621276855e-01 -1.944886520504951477e-02 1.464304943965544226e-08 -5.037917638617273042e-09
1.000000000000000000e+00 0.000000000000000000e+00 0.000000000000000000e+00 0.000000000000000000e+00
#New slice
