#Array shape: (1, 67, 4)
8.723187446594238281e-01 1.780111640691757202e-01 -4.522266387939453125e-01 5.350866913795471191e-02
9.814981818199157715e-01 1.716827750205993652e-01 -2.296860888600349426e-02 8.160240203142166138e-02
9.785474538803100586e-01 1.199965402483940125e-01 -1.512070894241333008e-01 7.198853790760040283e-02
9.775443077087402344e-01 8.658041805028915405e-02 -1.225937157869338989e-01 1.479247957468032837e-01
9.754957556724548340e-01 -5.192747712135314941e-02 -2.121084779500961304e-01 2.686521969735622406e-02
9.346663951873779297e-01 -1.788814961910247803e-01 -2.441431283950805664e-01 1.865327656269073486e-01
1.000000000000000000e+00 0.000000000000000000e+00 0.000000000000000000e+00 0.000000000000000000e+00
1.000000000000000000e+00 0.000000000000000000e+00 0.000000000000000000e+00 0.000000000000000000e+00
1.000000000000000000e+00 0.000000000000000000e+00 0.000000000000000000e+00 0.000000000000000000e+00
9.371467828750610352e-01 8.421262353658676147e-02 -1.860823184251785278e-01 2.829094231128692627e-01
7.307041287422180176e-01 -5.780167579650878906e-01 -3.489504754543304443e-01 -1.010037884116172791e-01
8.879801630973815918e-01 1.225659325718879700e-01 -4.390854537487030029e-01 6.060532107949256897e-02
8.649493455886840820e-01 -4.853795468807220459e-01 -2.287863567471504211e-02 1.254827827215194702e-01
9.799373149871826172e-01 1.569207459688186646e-01 -3.171610459685325623e-02 -1.187132820487022400e-01
9.653865098953247070e-01 1.088465526700019836e-01 2.174496948719024658e-01 9.432374686002731323e-02
8.869967460632324219e-01 1.647271960973739624e-01 4.239308238029479980e-01 7.990267127752304077e-02
1.000000000000000000e+00 0.000000000000000000e+00 0.000000000000000000e+00 0.000000000000000000e+00
8.809415698051452637e-01 1.031392812728881836e-01 6.522320210933685303e-02 -4.572200775146484375e-01
8.412832021713256836e-01 -2.715008798986673355e-03 1.014242321252822876e-02 -5.404926538467407227e-01
8.759042620658874512e-01 6.152946501970291138e-03 2.453955635428428650e-02 -4.818214774131774902e-01
1.000000000000000000e+00 0.000000000000000000e+00 0.000000000000000000e+00 0.000000000000000000e+00
8.475604057312011719e-01 5.016208440065383911e-02 4.301638901233673096e-02 -5.265688300132751465e-01
8.453438878059387207e-01 6.449338048696517944e-03 1.908804103732109070e-02 -5.338424444198608398e-01
9.295107126235961914e-01 4.042058717459440231e-03 -7.147799711674451828e-03 -3.687037229537963867e-01
1.000000000000000000e+00 0.000000000000000000e+00 0.000000000000000000e+00 0.000000000000000000e+00
7.910674214363098145e-01 4.768269881606101990e-02 6.032606959342956543e-02 -6.068768501281738281e-01
8.751894831657409668e-01 -5.751292221248149872e-03 6.561764515936374664e-03 -4.837016761302947998e-01
8.925762176513671875e-01 -3.396089188754558563e-03 1.510774251073598862e-02 -4.506306052207946777e-01
1.000000000000000000e+00 0.000000000000000000e+00 0.000000000000000000e+00 0.000000000000000000e+00
7.377102375030517578e-01 -1.558919716626405716e-02 1.455754637718200684e-01 -6.590511202812194824e-01
8.452616930007934570e-01 6.160518620163202286e-03 4.220528062433004379e-03 -5.343004465103149414e-01
8.868981003761291504e-01 3.805960295721888542e-03 1.405979692935943604e-02 -4.617354273796081543e-01
1.000000000000000000e+00 0.000000000000000000e+00 0.000000000000000000e+00 0.000000000000000000e+00
9.834882020950317383e-01 1.248181462287902832e-01 4.101717378944158554e-03 1.309754103422164917e-01
9.173586964607238770e-01 -2.262435406446456909e-01 1.224804371595382690e-01 3.037523031234741211e-01
9.409403204917907715e-01 6.211095675826072693e-02 3.321038782596588135e-01 -2.192184887826442719e-02
9.963709115982055664e-01 -3.306413302198052406e-03 5.985428020358085632e-02 -6.042833253741264343e-02
9.504460692405700684e-01 -8.205053210258483887e-02 -7.844425737857818604e-02 2.894247174263000488e-01
9.210988283157348633e-01 7.795366644859313965e-02 -5.602735653519630432e-02 3.773078024387359619e-01
9.742213487625122070e-01 4.863734170794487000e-02 -3.828794136643409729e-02 2.169363796710968018e-01
1.000000000000000000e+00 0.000000000000000000e+00 0.000000000000000000e+00 0.000000000000000000e+00
9.837077260017395020e-01 -3.997924551367759705e-02 -6.911489367485046387e-02 1.610712110996246338e-01
9.394406676292419434e-01 2.069428563117980957e-02 -4.439330473542213440e-02 3.391934633255004883e-01
9.809110760688781738e-01 1.255700830370187759e-02 -2.966593764722347260e-02 1.917706578969955444e-01
1.000000000000000000e+00 0.000000000000000000e+00 0.000000000000000000e+00 0.000000000000000000e+00
9.804143905639648438e-01 -2.634281292557716370e-02 -4.555476829409599304e-02 1.897853314876556396e-01
9.524327516555786133e-01 -1.108867488801479340e-02 -4.312780871987342834e-02 3.014779090881347656e-01
9.775579571723937988e-01 -6.899139843881130219e-03 -9.593650698661804199e-03 2.103350162506103516e-01
1.000000000000000000e+00 0.000000000000000000e+00 0.000000000000000000e+00 0.000000000000000000e+00
9.933655858039855957e-01 1.701852306723594666e-02 -3.390648588538169861e-02 1.085621118545532227e-01
9.799106717109680176e-01 -2.202184125781059265e-02 -1.731423661112785339e-02 1.974602043628692627e-01
9.862365126609802246e-01 -2.306449972093105316e-02 -3.886673226952552795e-02 1.590439528226852417e-01
1.000000000000000000e+00 0.000000000000000000e+00 0.000000000000000000e+00 0.000000000000000000e+00
9.808281064033508301e-01 1.321091204881668091e-01 2.330026403069496155e-02 -1.413523405790328979e-01
9.478321671485900879e-01 -1.167662888765335083e-01 -2.823824286460876465e-01 9.077493101358413696e-02
9.974440932273864746e-01 -5.798885971307754517e-02 -3.481286764144897461e-02 2.303672209382057190e-02
1.000000000000000000e+00 0.000000000000000000e+00 0.000000000000000000e+00 0.000000000000000000e+00
7.703515887260437012e-01 -6.192860603332519531e-01 1.025808751583099365e-01 1.118944510817527771e-01
5.975877046585083008e-01 8.018015623092651367e-01 9.641536162234842777e-04 1.530636451207101345e-03
9.000993967056274414e-01 -4.237878918647766113e-01 -1.011163815855979919e-01 -7.736803381703794003e-04
9.999959468841552734e-01 -1.399591448716819286e-03 6.391091301338747144e-05 -2.493011998012661934e-03
1.000000000000000000e+00 0.000000000000000000e+00 0.000000000000000000e+00 0.000000000000000000e+00
7.155849337577819824e-01 -6.232128739356994629e-01 -1.500709503889083862e-01 -2.775296270847320557e-01
6.608520150184631348e-01 7.494680881500244141e-01 2.366285771131515503e-02 3.181580081582069397e-02
9.775869250297546387e-01 -3.580296412110328674e-02 -9.321471303701400757e-02 1.853455901145935059e-01
9.885045886039733887e-01 -1.272832453250885010e-01 1.158367283642292023e-02 8.076798915863037109e-02
1.000000000000000000e+00 0.000000000000000000e+00 0.000000000000000000e+00 0.000000000000000000e+00
#New slice
