#Array shape: (1, 67, 4)
9.981499314308166504e-01 -2.494595944881439209e-03 1.563865575008094311e-03 -6.073093786835670471e-02
9.993326663970947266e-01 4.967289511114358902e-03 -9.009242057800292969e-03 3.505099937319755554e-02
9.990188479423522949e-01 8.149119094014167786e-03 1.270683947950601578e-03 4.351243376731872559e-02
9.990400671958923340e-01 8.232430554926395416e-03 5.725355353206396103e-03 4.264532402157783508e-02
9.999352693557739258e-01 1.084166020154953003e-02 -3.178704064339399338e-03 1.408797106705605984e-03
9.986395239830017090e-01 1.352661661803722382e-02 5.460968706756830215e-03 -5.006377026438713074e-02
1.000000000000000000e+00 0.000000000000000000e+00 0.000000000000000000e+00 0.000000000000000000e+00
1.000000000000000000e+00 0.000000000000000000e+00 0.000000000000000000e+00 0.000000000000000000e+00
1.000000000000000000e+00 0.000000000000000000e+00 0.000000000000000000e+00 0.000000000000000000e+00
9.961906671524047852e-01 -1.745961979031562805e-02 -5.137349944561719894e-04 -8.543609082698822021e-02
7.906518578529357910e-01 6.047263368964195251e-02 -5.060729011893272400e-02 -6.071668863296508789e-01
9.839582443237304688e-01 1.608534902334213257e-02 -1.776486486196517944e-01 2.903337590396404266e-03
9.877009391784667969e-01 -1.555374413728713989e-01 -1.467182487249374390e-02 6.302358116954565048e-03
9.786119461059570312e-01 1.391292065382003784e-01 2.763404278084635735e-03 1.515068113803863525e-01
9.610284566879272461e-01 -3.475292772054672241e-02 2.660162150859832764e-01 -6.672295928001403809e-02
9.974464178085327148e-01 -5.783205479383468628e-02 3.500241786241531372e-02 -2.304382622241973877e-02
1.000000000000000000e+00 0.000000000000000000e+00 0.000000000000000000e+00 0.000000000000000000e+00
9.965973496437072754e-01 1.824662461876869202e-02 3.329690918326377869e-02 -7.315791398286819458e-02
9.862806200981140137e-01 -2.202981896698474884e-02 1.803261786699295044e-02 -1.626039147377014160e-01
9.912635087966918945e-01 -2.160655148327350616e-02 3.957935795187950134e-02 -1.239488273859024048e-01
1.000000000000000000e+00 0.000000000000000000e+00 0.000000000000000000e+00 0.000000000000000000e+00
9.914370179176330566e-01 -2.305908687412738800e-02 4.725795239210128784e-02 -1.195315420627593994e-01
9.714542627334594727e-01 -8.115685544908046722e-03 4.366534203290939331e-02 -2.330324053764343262e-01
9.946427941322326660e-01 -6.643238943070173264e-03 9.304937906563282013e-03 -1.027374416589736938e-01
1.000000000000000000e+00 0.000000000000000000e+00 0.000000000000000000e+00 0.000000000000000000e+00
9.913617372512817383e-01 -3.573303669691085815e-02 7.114037126302719116e-02 -1.042312234640121460e-01
9.573256969451904297e-01 2.361445687711238861e-02 4.373462498188018799e-02 -2.847053408622741699e-01
9.902799725532531738e-01 1.461436692625284195e-02 2.968246489763259888e-02 -1.350968182086944580e-01
1.000000000000000000e+00 0.000000000000000000e+00 0.000000000000000000e+00 0.000000000000000000e+00
9.720308780670166016e-01 -7.490070164203643799e-02 8.508824557065963745e-02 -2.056838721036911011e-01
9.503899216651916504e-01 8.251953125000000000e-02 4.888364300131797791e-02 -2.959055304527282715e-01
9.893754124641418457e-01 5.193012207746505737e-02 3.386588394641876221e-02 -1.315013617277145386e-01
1.000000000000000000e+00 0.000000000000000000e+00 0.000000000000000000e+00 0.000000000000000000e+00
9.985624551773071289e-01 1.148179080337285995e-02 2.243561903014779091e-03 -5.230906605720520020e-02
7.654308676719665527e-01 -2.921745367348194122e-02 -7.949446886777877808e-02 6.379204988479614258e-01
9.862976670265197754e-01 -3.544961800798773766e-03 1.649363636970520020e-01 5.938290851190686226e-04
9.941780567169189453e-01 -2.862474136054515839e-02 -8.839032053947448730e-02 5.456871911883354187e-02
9.720153808593750000e-01 -7.486072927713394165e-02 -8.514810353517532349e-02 2.057469189167022705e-01
9.503993988037109375e-01 8.241803944110870361e-02 -4.888177663087844849e-02 2.959034442901611328e-01
9.893754124641418457e-01 5.192774906754493713e-02 -3.388893976807594299e-02 1.314966082572937012e-01
1.000000000000000000e+00 0.000000000000000000e+00 0.000000000000000000e+00 0.000000000000000000e+00
9.904015660285949707e-01 -5.136523768305778503e-02 -8.357160538434982300e-02 9.737619757652282715e-02
9.573289155960083008e-01 2.365010045468807220e-02 -4.363770037889480591e-02 2.847064435482025146e-01
9.902815222740173340e-01 1.455900445580482483e-02 -2.983627840876579285e-02 1.350569874048233032e-01
1.000000000000000000e+00 0.000000000000000000e+00 0.000000000000000000e+00 0.000000000000000000e+00
9.914206266403198242e-01 -2.299678698182106018e-02 -4.724754020571708679e-02 1.196829751133918762e-01
9.714581966400146484e-01 -8.070568554103374481e-03 -4.351111873984336853e-02 2.330463975667953491e-01
9.946441650390625000e-01 -6.714688148349523544e-03 -9.059840813279151917e-03 1.027423813939094543e-01
1.000000000000000000e+00 0.000000000000000000e+00 0.000000000000000000e+00 0.000000000000000000e+00
9.965854883193969727e-01 1.830290630459785461e-02 -3.327139839529991150e-02 7.331832498311996460e-02
9.862847328186035156e-01 -2.191751822829246521e-02 -1.805866137146949768e-02 1.625916361808776855e-01
9.912583231925964355e-01 -2.172125317156314850e-02 -3.956644237041473389e-02 1.239742785692214966e-01
1.000000000000000000e+00 0.000000000000000000e+00 0.000000000000000000e+00 0.000000000000000000e+00
9.786077141761779785e-01 1.392379701137542725e-01 -2.883652225136756897e-03 -1.514313519001007080e-01
9.610496163368225098e-01 -3.473399206995964050e-02 -2.659140825271606445e-01 6.683606654405593872e-02
9.974478483200073242e-01 -5.792939290404319763e-02 -3.481985256075859070e-02 2.301263436675071716e-02
1.000000000000000000e+00 0.000000000000000000e+00 0.000000000000000000e+00 0.000000000000000000e+00
9.738901257514953613e-01 -1.280983686447143555e-01 1.186522394418716431e-01 1.450878232717514038e-01
9.864881038665771484e-01 1.313196122646331787e-01 9.576326608657836914e-02 2.063539810478687286e-02
9.968348145484924316e-01 1.763093285262584686e-02 2.302477508783340454e-02 -7.402358204126358032e-02
9.999914765357971191e-01 -4.131927620619535446e-03 -5.334372872312087566e-06 8.021318365081242518e-08
1.000000000000000000e+00 0.000000000000000000e+00 0.000000000000000000e+00 0.000000000000000000e+00
9.873175621032714844e-01 2.143453620374202728e-02 -1.224470287561416626e-01 9.874974191188812256e-02
9.993181824684143066e-01 1.256781164556741714e-02 3.441333025693893433e-02 4.578646272420883179e-03
9.984915852546691895e-01 -2.513328939676284790e-02 2.174438722431659698e-02 -4.370406270027160645e-02
9.999870061874389648e-01 -5.116492509841918945e-03 -2.996277771671884693e-06 -1.703489829196769278e-07
1.000000000000000000e+00 0.000000000000000000e+00 0.000000000000000000e+00 0.000000000000000000e+00
#New slice
