#Array shape: (1, 67, 4)
5.927453041076660156e-01 2.203236967325210571e-01 -7.733200788497924805e-01 4.567947983741760254e-02
9.680563807487487793e-01 2.277709841728210449e-01 -1.026102900505065918e-01 -2.141415700316429138e-02
9.917294383049011230e-01 7.539789378643035889e-02 -9.202935546636581421e-02 -4.815010726451873779e-02
9.923157095909118652e-01 8.172968775033950806e-02 -6.171744689345359802e-02 -6.943181902170181274e-02
9.389218688011169434e-01 -8.502348326146602631e-03 3.439420461654663086e-01 -7.568453438580036163e-03
9.432950019836425781e-01 -1.778772771358489990e-01 2.780722379684448242e-01 3.507303074002265930e-02
1.000000000000000000e+00 0.000000000000000000e+00 0.000000000000000000e+00 0.000000000000000000e+00
1.000000000000000000e+00 0.000000000000000000e+00 0.000000000000000000e+00 0.000000000000000000e+00
1.000000000000000000e+00 0.000000000000000000e+00 0.000000000000000000e+00 0.000000000000000000e+00
9.463875889778137207e-01 7.337526232004165649e-02 -3.139170110225677490e-01 -2.056008018553256989e-02
9.509301781654357910e-01 -1.383214443922042847e-01 -2.542696893215179443e-01 1.092972382903099060e-01
7.105455994606018066e-01 5.071644783020019531e-01 -3.970030844211578369e-01 2.833688557147979736e-01
8.441141843795776367e-01 -5.223326683044433594e-01 -8.725069463253021240e-02 8.382817357778549194e-02
9.799375534057617188e-01 1.569194793701171875e-01 -3.171580284833908081e-02 -1.187132596969604492e-01
9.653861522674560547e-01 1.088471785187721252e-01 2.174507677555084229e-01 9.432391077280044556e-02
8.869964480400085449e-01 1.647279113531112671e-01 4.239309728145599365e-01 7.990380376577377319e-02
1.000000000000000000e+00 0.000000000000000000e+00 0.000000000000000000e+00 0.000000000000000000e+00
8.809407353401184082e-01 1.031387001276016235e-01 6.522259861230850220e-02 -4.572219550609588623e-01
8.412835597991943359e-01 -2.757450100034475327e-03 1.003392878919839859e-02 -5.404939055442810059e-01
8.759039044380187988e-01 6.125824525952339172e-03 2.454768121242523193e-02 -4.818217456340789795e-01
1.000000000000000000e+00 0.000000000000000000e+00 0.000000000000000000e+00 0.000000000000000000e+00
8.475604653358459473e-01 5.016127973794937134e-02 4.301670193672180176e-02 -5.265687704086303711e-01
8.453445434570312500e-01 6.458599120378494263e-03 1.906980201601982117e-02 -5.338419675827026367e-01
9.295100569725036621e-01 3.992993384599685669e-03 -7.146776653826236725e-03 -3.687061667442321777e-01
1.000000000000000000e+00 0.000000000000000000e+00 0.000000000000000000e+00 0.000000000000000000e+00
7.910676002502441406e-01 4.767442122101783752e-02 6.033151596784591675e-02 -6.068767309188842773e-01
8.751892447471618652e-01 -5.846585612744092941e-03 6.613487377762794495e-03 -4.837002158164978027e-01
8.925762176513671875e-01 -3.400826128199696541e-03 1.511004008352756500e-02 -4.506304562091827393e-01
1.000000000000000000e+00 0.000000000000000000e+00 0.000000000000000000e+00 0.000000000000000000e+00
7.377101778984069824e-01 -1.558980997651815414e-02 1.455753445625305176e-01 -6.590511798858642578e-01
8.452600240707397461e-01 6.179461255669593811e-03 4.308584146201610565e-03 -5.343021154403686523e-01
8.868983983993530273e-01 3.782492363825440407e-03 1.408977806568145752e-02 -4.617342054843902588e-01
1.000000000000000000e+00 0.000000000000000000e+00 0.000000000000000000e+00 0.000000000000000000e+00
9.877791404724121094e-01 6.701089441776275635e-02 -8.735322207212448120e-02 1.103238910436630249e-01
9.209976196289062500e-01 8.797971159219741821e-02 8.607630431652069092e-02 3.696130514144897461e-01
8.989455699920654297e-01 1.893675625324249268e-01 3.865319788455963135e-01 -8.142518252134323120e-02
9.943664073944091797e-01 4.151459410786628723e-02 5.574686080217361450e-02 8.002742379903793335e-02
9.835126996040344238e-01 1.013197237625718117e-03 -1.808149516582489014e-01 2.767611993476748466e-03
9.841154217720031738e-01 1.655118353664875031e-02 -1.274797320365905762e-02 1.762970089912414551e-01
9.947768449783325195e-01 1.105476915836334229e-02 -7.711383048444986343e-03 1.011800169944763184e-01
1.000000000000000000e+00 0.000000000000000000e+00 0.000000000000000000e+00 0.000000000000000000e+00
9.919400215148925781e-01 2.168862381950020790e-03 -1.221950501203536987e-01 -3.344650194048881531e-02
9.879280328750610352e-01 3.808635519817471504e-03 -1.013032067567110062e-02 1.545352488756179810e-01
9.915042519569396973e-01 3.113037906587123871e-03 -6.476796232163906097e-03 1.298757493495941162e-01
1.000000000000000000e+00 0.000000000000000000e+00 0.000000000000000000e+00 0.000000000000000000e+00
9.996171593666076660e-01 -6.390102207660675049e-03 -1.001683995127677917e-02 -2.499118074774742126e-02
9.920118451118469238e-01 -2.772070700302720070e-03 -9.261636994779109955e-03 1.257736384868621826e-01
9.943758845329284668e-01 -1.626008772291243076e-03 -2.045125467702746391e-03 1.058762222528457642e-01
1.000000000000000000e+00 0.000000000000000000e+00 0.000000000000000000e+00 0.000000000000000000e+00
9.965310692787170410e-01 -4.855914972722530365e-03 7.467059791088104248e-02 -3.642170876264572144e-02
9.949917197227478027e-01 -5.016388837248086929e-03 -3.635284258052706718e-03 9.976534545421600342e-02
9.968395829200744629e-01 -5.101301707327365875e-03 -8.377085439860820770e-03 7.883280515670776367e-02
1.000000000000000000e+00 0.000000000000000000e+00 0.000000000000000000e+00 0.000000000000000000e+00
9.933440089225769043e-01 -4.075158014893531799e-02 7.107213139533996582e-02 -8.096762001514434814e-02
9.928913712501525879e-01 2.041959762573242188e-02 -1.172331571578979492e-01 2.473277971148490906e-03
9.985845088958740234e-01 6.528258323669433594e-03 -5.233751237392425537e-02 -6.869976874440908432e-03
1.000000000000000000e+00 0.000000000000000000e+00 0.000000000000000000e+00 0.000000000000000000e+00
6.799004673957824707e-01 -4.876835048198699951e-01 3.025703728199005127e-01 4.564552009105682373e-01
7.910711765289306641e-01 6.025971770286560059e-01 7.838927954435348511e-02 7.027214020490646362e-02
9.705660939216613770e-01 -9.685452282428741455e-02 -2.082362957298755646e-02 -2.195155620574951172e-01
1.000000000000000000e+00 -5.801193037768825889e-05 5.642393807647749782e-05 -1.500776124885305762e-04
1.000000000000000000e+00 0.000000000000000000e+00 0.000000000000000000e+00 0.000000000000000000e+00
7.968290448188781738e-01 -5.881256461143493652e-01 9.348942339420318604e-02 -1.021354198455810547e-01
9.139313101768493652e-01 3.917410671710968018e-01 9.392183274030685425e-02 4.946950078010559082e-02
9.714926481246948242e-01 -2.369431778788566589e-02 -3.240525722503662109e-02 2.336462140083312988e-01
1.000000000000000000e+00 -6.275575287872925401e-06 1.639176625758409500e-04 5.417255124484654516e-06
1.000000000000000000e+00 0.000000000000000000e+00 0.000000000000000000e+00 0.000000000000000000e+00
#New slice
