#Array shape: (1, 67, 4)
9.303302764892578125e-01 -1.102236360311508179e-01 3.491057157516479492e-01 2.148404344916343689e-02
9.930164813995361328e-01 -4.175639897584915161e-02 -1.065007895231246948e-01 2.884939312934875488e-02
9.889847636222839355e-01 9.996949695050716400e-03 -1.066676825284957886e-01 1.021333038806915283e-01
9.912916421890258789e-01 -4.403125029057264328e-03 -1.073560044169425964e-01 7.613402605056762695e-02
9.943252801895141602e-01 3.008374571800231934e-02 -1.009768396615982056e-01 1.469974871724843979e-02
9.918088912963867188e-01 3.652042523026466370e-02 -7.164312899112701416e-02 -9.924057871103286743e-02
1.000000000000000000e+00 0.000000000000000000e+00 0.000000000000000000e+00 0.000000000000000000e+00
1.000000000000000000e+00 0.000000000000000000e+00 0.000000000000000000e+00 0.000000000000000000e+00
1.000000000000000000e+00 0.000000000000000000e+00 0.000000000000000000e+00 0.000000000000000000e+00
9.995971322059631348e-01 1.479830220341682434e-02 2.390310540795326233e-02 -3.906531259417533875e-03
9.860921502113342285e-01 -1.033549159765243530e-01 1.298977583646774292e-01 8.163441903889179230e-03
9.286324977874755859e-01 -3.533864617347717285e-01 -1.129482835531234741e-01 -1.538981217890977859e-03
9.537178874015808105e-01 -2.397834956645965576e-01 8.558823913335800171e-02 1.600024402141571045e-01
9.799376726150512695e-01 1.569188088178634644e-01 -3.171567991375923157e-02 -1.187130585312843323e-01
9.653860330581665039e-01 1.088466867804527283e-01 2.174513638019561768e-01 9.432454407215118408e-02
8.869959712028503418e-01 1.647281795740127563e-01 4.239317774772644043e-01 7.990378141403198242e-02
1.000000000000000000e+00 0.000000000000000000e+00 0.000000000000000000e+00 0.000000000000000000e+00
8.809407353401184082e-01 1.031381115317344666e-01 6.522274017333984375e-02 -4.572222530841827393e-01
8.412830829620361328e-01 -2.758198883384466171e-03 1.003368198871612549e-02 -5.404946804046630859e-01
8.759040236473083496e-01 6.125811953097581863e-03 2.454813010990619659e-02 -4.818215370178222656e-01
1.000000000000000000e+00 0.000000000000000000e+00 0.000000000000000000e+00 0.000000000000000000e+00
8.475605845451354980e-01 5.016086250543594360e-02 4.301696270704269409e-02 -5.265685915946960449e-01
8.453449010848999023e-01 6.458653602749109268e-03 1.906925998628139496e-02 -5.338414311408996582e-01
9.295099377632141113e-01 3.993065096437931061e-03 -7.146874908357858658e-03 -3.687062263488769531e-01
1.000000000000000000e+00 0.000000000000000000e+00 0.000000000000000000e+00 0.000000000000000000e+00
7.910673022270202637e-01 4.767389595508575439e-02 6.033204868435859680e-02 -6.068770885467529297e-01
8.751888275146484375e-01 -5.845786537975072861e-03 6.613095756620168686e-03 -4.837009310722351074e-01
8.925759196281433105e-01 -3.400651272386312485e-03 1.510972063988447189e-02 -4.506310820579528809e-01
1.000000000000000000e+00 0.000000000000000000e+00 0.000000000000000000e+00 0.000000000000000000e+00
7.377099990844726562e-01 -1.558999530971050262e-02 1.455753594636917114e-01 -6.590513586997985840e-01
8.452596664428710938e-01 6.179564166814088821e-03 4.307759925723075867e-03 -5.343027114868164062e-01
8.868983983993530273e-01 3.782505868002772331e-03 1.408974919468164444e-02 -4.617340862751007080e-01
1.000000000000000000e+00 0.000000000000000000e+00 0.000000000000000000e+00 0.000000000000000000e+00
9.586700201034545898e-01 1.659802794456481934e-01 -2.301292717456817627e-01 -2.105046063661575317e-02
9.351633787155151367e-01 3.069779872894287109e-01 -4.179719462990760803e-02 1.717177182435989380e-01
9.297014474868774414e-01 1.953728795051574707e-01 3.055513501167297363e-01 -6.421069055795669556e-02
9.833474755287170410e-01 2.192891947925090790e-02 -1.192664951086044312e-01 1.353610605001449585e-01
9.719890356063842773e-01 -7.493108510971069336e-02 -8.525980263948440552e-02 2.057993710041046143e-01
9.503958225250244141e-01 8.245380222797393799e-02 -4.901784285902976990e-02 2.958827614784240723e-01
9.893778562545776367e-01 5.185243114829063416e-02 -3.397871181368827820e-02 1.314855217933654785e-01
1.000000000000000000e+00 0.000000000000000000e+00 0.000000000000000000e+00 0.000000000000000000e+00
9.913349747657775879e-01 -3.589316084980964661e-02 -7.126670330762863159e-02 1.043439358472824097e-01
9.573264122009277344e-01 2.357841096818447113e-02 -4.388723894953727722e-02 2.846825420856475830e-01
9.902796745300292969e-01 1.447983179241418839e-02 -2.974944747984409332e-02 1.350987106561660767e-01
1.000000000000000000e+00 0.000000000000000000e+00 0.000000000000000000e+00 0.000000000000000000e+00
9.914198517799377441e-01 -2.302277646958827972e-02 -4.732494056224822998e-02 1.196535751223564148e-01
9.714519977569580078e-01 -7.992725819349288940e-03 -4.377600178122520447e-02 2.330254465341567993e-01
9.900333881378173828e-01 -7.172438316047191620e-03 -9.675648063421249390e-03 1.403169184923171997e-01
1.000000000000000000e+00 0.000000000000000000e+00 0.000000000000000000e+00 0.000000000000000000e+00
9.965853691101074219e-01 1.826555468142032623e-02 -3.332914784550666809e-02 7.330227643251419067e-02
9.862834215164184570e-01 -2.198590524494647980e-02 -1.817537844181060791e-02 1.625771969556808472e-01
9.912605285644531250e-01 -2.166340313851833344e-02 -3.960407897830009460e-02 1.239554882049560547e-01
1.000000000000000000e+00 0.000000000000000000e+00 0.000000000000000000e+00 0.000000000000000000e+00
9.786095023155212402e-01 1.393218040466308594e-01 -2.850105054676532745e-03 -1.513433158397674561e-01
9.608709216117858887e-01 -3.562988713383674622e-02 -2.663912773132324219e-01 6.703345477581024170e-02
9.974439740180969238e-01 -5.797931551933288574e-02 -3.483785316348075867e-02 2.302815206348896027e-02
1.000000000000000000e+00 0.000000000000000000e+00 0.000000000000000000e+00 0.000000000000000000e+00
9.641117453575134277e-01 5.055087059736251831e-02 8.614806085824966431e-02 2.459912896156311035e-01
9.377346634864807129e-01 3.442590534687042236e-01 -4.201124608516693115e-02 -1.935270987451076508e-02
9.902111887931823730e-01 -3.330636024475097656e-02 1.871925592422485352e-02 -1.342466026544570923e-01
9.785307049751281738e-01 -1.890004426240921021e-01 1.559016946703195572e-02 -8.070703595876693726e-02
1.000000000000000000e+00 0.000000000000000000e+00 0.000000000000000000e+00 0.000000000000000000e+00
9.582343101501464844e-01 -2.377858012914657593e-02 -1.583093255758285522e-01 -2.369805723428726196e-01
9.601045846939086914e-01 2.726746499538421631e-01 -5.812314897775650024e-02 -2.167095988988876343e-02
9.828643798828125000e-01 -1.964632049202919006e-02 2.427306259050965309e-03 1.832641065120697021e-01
9.991587996482849121e-01 -2.172417752444744110e-02 -6.773765780963003635e-04 3.477626666426658630e-02
1.000000000000000000e+00 0.000000000000000000e+00 0.000000000000000000e+00 0.000000000000000000e+00
#New slice
