#Array shape: (8, 67, 4)
9.332513809204101562e-01 -1.111079156398773193e-01 -3.405115604400634766e-01 -2.736821025609970093e-02
9.975683093070983887e-01 6.968357414007186890e-02 -1.116109269787557423e-04 -1.349682337604463100e-03
9.897369742393493652e-01 1.427491456270217896e-01 -1.548512373119592667e-04 -6.599646527320146561e-03
9.897369742393493652e-01 1.427531540393829346e-01 -7.680238923057913780e-04 -6.468493957072496414e-03
9.978364706039428711e-01 3.676111577078700066e-03 6.521186977624893188e-02 7.502471562474966049e-03
9.763828516006469727e-01 -4.013545066118240356e-02 1.921973526477813721e-01 9.014369547367095947e-02
1.000000000000000000e+00 0.000000000000000000e+00 0.000000000000000000e+00 0.000000000000000000e+00
1.000000000000000000e+00 0.000000000000000000e+00 0.000000000000000000e+00 0.000000000000000000e+00
1.000000000000000000e+00 0.000000000000000000e+00 0.000000000000000000e+00 0.000000000000000000e+00
9.456235766410827637e-01 -3.222497403621673584e-01 -3.548712655901908875e-02 2.630664594471454620e-02
8.121936917304992676e-01 -2.752683758735656738e-01 -2.309553325176239014e-01 -4.595957994461059570e-01
8.441112041473388672e-01 2.172743052142322995e-07 -5.361681580543518066e-01 2.255279696328216232e-07
5.419085025787353516e-01 -7.871010303497314453e-01 2.781877815723419189e-01 9.705033898353576660e-02
9.952203631401062012e-01 4.320448637008666992e-02 8.212217688560485840e-02 3.042981401085853577e-02
9.834712147712707520e-01 1.678905338048934937e-01 -2.392863482236862183e-02 6.343989074230194092e-02
9.955748915672302246e-01 -4.053445905447006226e-02 -8.319444209337234497e-02 1.631691306829452515e-02
1.000000000000000000e+00 0.000000000000000000e+00 0.000000000000000000e+00 0.000000000000000000e+00
9.484407305717468262e-01 -1.257990114390850067e-02 3.184451162815093994e-02 -3.150998055934906006e-01
8.648290038108825684e-01 -8.615093527453154820e-09 5.095670372247695923e-02 -4.994741976261138916e-01
9.776689410209655762e-01 4.477196569041552721e-08 2.132923156023025513e-02 -2.090658098459243774e-01
1.000000000000000000e+00 0.000000000000000000e+00 0.000000000000000000e+00 0.000000000000000000e+00
8.960872888565063477e-01 -1.805563829839229584e-02 4.445829614996910095e-02 -4.412766098976135254e-01
8.425854444503784180e-01 6.410828490288622561e-08 5.466106161475181580e-02 -5.357816219329833984e-01
9.877976775169372559e-01 5.091268562296136224e-08 1.580708101391792297e-02 -1.549390256404876709e-01
1.000000000000000000e+00 0.000000000000000000e+00 0.000000000000000000e+00 0.000000000000000000e+00
8.602612018585205078e-01 -2.597965113818645477e-02 4.254565387964248657e-02 -5.074107050895690918e-01
8.080810308456420898e-01 -5.532054814239018015e-08 5.978728085756301880e-02 -5.860294699668884277e-01
9.746339321136474609e-01 -3.177242291485526948e-08 2.271488122642040253e-02 -2.226498872041702271e-01
1.000000000000000000e+00 0.000000000000000000e+00 0.000000000000000000e+00 0.000000000000000000e+00
8.035311698913574219e-01 -6.955408304929733276e-02 -2.129795961081981659e-03 -5.911813378334045410e-01
8.470049500465393066e-01 -1.341448552238944103e-07 5.395273864269256592e-02 -5.288400053977966309e-01
9.924292564392089844e-01 -5.454607787669374375e-08 1.246524415910243988e-02 -1.221832633018493652e-01
1.000000000000000000e+00 0.000000000000000000e+00 0.000000000000000000e+00 0.000000000000000000e+00
9.322686195373535156e-01 -3.432517647743225098e-01 -1.003578007221221924e-01 -5.460703000426292419e-02
6.593505144119262695e-01 1.235921606421470642e-01 5.519474744796752930e-01 4.953139126300811768e-01
6.531367301940917969e-01 -7.373489552264800295e-07 7.572399973869323730e-01 7.650752991139597725e-07
8.748453855514526367e-01 -3.889118731021881104e-01 -2.404108047485351562e-01 -1.599874794483184814e-01
8.438882231712341309e-01 -4.484051465988159180e-02 -5.482012871652841568e-03 5.346138477325439453e-01
7.510644793510437012e-01 4.960013733068535657e-09 -5.330009385943412781e-02 6.580739021301269531e-01
8.665940165519714355e-01 -8.812483542897098232e-08 -4.028521105647087097e-02 4.973851442337036133e-01
1.000000000000000000e+00 0.000000000000000000e+00 0.000000000000000000e+00 0.000000000000000000e+00
8.778553009033203125e-01 -3.649710863828659058e-02 -5.767521914094686508e-03 4.774986803531646729e-01
6.450128555297851562e-01 -5.775528677531838184e-08 -6.169129535555839539e-02 7.616775035858154297e-01
9.045471549034118652e-01 -2.100385927406023256e-07 -3.442112728953361511e-02 4.249819517135620117e-01
1.000000000000000000e+00 0.000000000000000000e+00 0.000000000000000000e+00 0.000000000000000000e+00
8.987730145454406738e-01 -5.354986060410737991e-04 -6.913287192583084106e-02 4.329290091991424561e-01
5.694784522056579590e-01 -1.341024358225695323e-07 -6.636043637990951538e-02 8.193232417106628418e-01
9.865035414695739746e-01 5.706159299734281376e-06 -1.321873627603054047e-02 1.632056683301925659e-01
1.000000000000000000e+00 0.000000000000000000e+00 0.000000000000000000e+00 0.000000000000000000e+00
9.939913749694824219e-01 -6.389483809471130371e-03 1.552431099116802216e-02 1.081633269786834717e-01
9.588575363159179688e-01 8.061653744562136126e-08 -2.291814982891082764e-02 2.829611599445343018e-01
9.662647843360900879e-01 1.081907967659390124e-07 -2.079198323190212250e-02 2.567100226879119873e-01
1.000000000000000000e+00 0.000000000000000000e+00 0.000000000000000000e+00 0.000000000000000000e+00
9.921104311943054199e-01 6.852970272302627563e-02 -4.944359883666038513e-02 9.260735660791397095e-02
9.527314901351928711e-01 2.076597809791564941e-01 -1.236681491136550903e-01 -1.840823292732238770e-01
8.713620305061340332e-01 1.127528771758079529e-01 -4.059429168701171875e-01 -2.514466047286987305e-01
1.000000000000000000e+00 0.000000000000000000e+00 0.000000000000000000e+00 0.000000000000000000e+00
9.036092162132263184e-01 -7.581753283739089966e-02 3.951584994792938232e-01 1.469424813985824585e-01
9.815639853477478027e-01 1.909316778182983398e-01 7.870712317526340485e-03 -3.940260037779808044e-03
9.994427561759948730e-01 2.517457865178585052e-02 1.119079440832138062e-02 -1.884594932198524475e-02
9.999984502792358398e-01 -1.772976364009082317e-03 1.033942069739168801e-07 -6.595294689759612083e-05
1.000000000000000000e+00 0.000000000000000000e+00 0.000000000000000000e+00 0.000000000000000000e+00
9.972929954528808594e-01 3.227543085813522339e-02 4.642483219504356384e-02 -4.700744152069091797e-02
9.638285040855407715e-01 2.663437426090240479e-01 -5.052928347140550613e-03 8.383966051042079926e-03
9.713040590286254883e-01 -1.799609959125518799e-01 -1.424085795879364014e-01 6.246997416019439697e-02
1.000000000000000000e+00 -1.788368681445717812e-04 2.407248622660063120e-08 6.488131809589958721e-09
1.000000000000000000e+00 0.000000000000000000e+00 0.000000000000000000e+00 0.000000000000000000e+00
#New slice
9.322723746299743652e-01 -1.125478968024253845e-01 -3.427187204360961914e-01 -2.730029076337814331e-02
9.976241588592529297e-01 6.887390464544296265e-02 -1.535527640953660011e-03 -2.944972366094589233e-04
9.898136854171752930e-01 1.422376781702041626e-01 -4.318908904679119587e-04 -6.092690397053956985e-03
9.898132085800170898e-01 1.422431170940399170e-01 -1.011284184642136097e-03 -5.973151884973049164e-03
9.977057576179504395e-01 2.465300727635622025e-03 6.749432533979415894e-02 4.656895529478788376e-03
9.758594036102294922e-01 -3.374683856964111328e-02 1.961032748222351074e-01 9.001810103654861450e-02
1.000000000000000000e+00 0.000000000000000000e+00 0.000000000000000000e+00 0.000000000000000000e+00
1.000000000000000000e+00 0.000000000000000000e+00 0.000000000000000000e+00 0.000000000000000000e+00
1.000000000000000000e+00 0.000000000000000000e+00 0.000000000000000000e+00 0.000000000000000000e+00
9.456796050071716309e-01 -3.221943974494934082e-01 -3.297550976276397705e-02 2.816786617040634155e-02
8.076981902122497559e-01 -2.720288634300231934e-01 -2.111876606941223145e-01 -4.785642325878143311e-01
8.295205235481262207e-01 3.440972591306490358e-07 -5.584762692451477051e-01 4.385278202789777424e-07
5.536791086196899414e-01 -7.763848900794982910e-01 2.820061743259429932e-01 1.055387705564498901e-01
9.952203631401062012e-01 4.320448637008666992e-02 8.212217688560485840e-02 3.042981401085853577e-02
9.834712147712707520e-01 1.678905338048934937e-01 -2.392863482236862183e-02 6.343989074230194092e-02
9.955748915672302246e-01 -4.053445905447006226e-02 -8.319444209337234497e-02 1.631691306829452515e-02
1.000000000000000000e+00 0.000000000000000000e+00 0.000000000000000000e+00 0.000000000000000000e+00
9.484407305717468262e-01 -1.257990114390850067e-02 3.184451162815093994e-02 -3.150998055934906006e-01
8.648290038108825684e-01 -8.615093527453154820e-09 5.095670372247695923e-02 -4.994741976261138916e-01
9.776689410209655762e-01 4.477196569041552721e-08 2.132923156023025513e-02 -2.090658098459243774e-01
1.000000000000000000e+00 0.000000000000000000e+00 0.000000000000000000e+00 0.000000000000000000e+00
8.960872888565063477e-01 -1.805563829839229584e-02 4.445829614996910095e-02 -4.412766098976135254e-01
8.425854444503784180e-01 6.410828490288622561e-08 5.466106161475181580e-02 -5.357816219329833984e-01
9.877976775169372559e-01 5.091268562296136224e-08 1.580708101391792297e-02 -1.549390256404876709e-01
1.000000000000000000e+00 0.000000000000000000e+00 0.000000000000000000e+00 0.000000000000000000e+00
8.602612018585205078e-01 -2.597965113818645477e-02 4.254565387964248657e-02 -5.074107050895690918e-01
8.080810308456420898e-01 -5.532054814239018015e-08 5.978728085756301880e-02 -5.860294699668884277e-01
9.746339321136474609e-01 -3.177242291485526948e-08 2.271488122642040253e-02 -2.226498872041702271e-01
1.000000000000000000e+00 0.000000000000000000e+00 0.000000000000000000e+00 0.000000000000000000e+00
8.035311698913574219e-01 -6.955408304929733276e-02 -2.129795961081981659e-03 -5.911813378334045410e-01
8.470049500465393066e-01 -1.341448552238944103e-07 5.395273864269256592e-02 -5.288400053977966309e-01
9.924292564392089844e-01 -5.454607787669374375e-08 1.246524415910243988e-02 -1.221832633018493652e-01
1.000000000000000000e+00 0.000000000000000000e+00 0.000000000000000000e+00 0.000000000000000000e+00
9.320088624954223633e-01 -3.430674970149993896e-01 -1.037900745868682861e-01 -5.377585813403129578e-02
6.601774692535400391e-01 1.385997980833053589e-01 5.478971600532531738e-01 4.947368502616882324e-01
6.462087035179138184e-01 -5.236763058746873867e-07 7.631607651710510254e-01 4.146684773331799079e-07
8.785229921340942383e-01 -3.864051103591918945e-01 -2.316205054521560669e-01 -1.588722467422485352e-01
8.433746695518493652e-01 -4.538200795650482178e-02 -4.810477606952190399e-03 5.353844761848449707e-01
7.524186968803405762e-01 -1.089239063389868534e-07 -5.317560210824012756e-02 6.565351486206054688e-01
8.668485283851623535e-01 1.375203169118321966e-07 -4.024954885244369507e-02 4.969442188739776611e-01
1.000000000000000000e+00 0.000000000000000000e+00 0.000000000000000000e+00 0.000000000000000000e+00
8.768452405929565430e-01 -3.696949034929275513e-02 -5.342499818652868271e-03 4.793194532394409180e-01
6.473516821861267090e-01 -3.452798225112019281e-08 -6.153155490756034851e-02 7.597038149833679199e-01
9.040154814720153809e-01 -1.246550027644843794e-07 -3.451189026236534119e-02 4.261046051979064941e-01
1.000000000000000000e+00 0.000000000000000000e+00 0.000000000000000000e+00 0.000000000000000000e+00
8.971195220947265625e-01 -7.455847808159887791e-04 -6.893889605998992920e-02 4.363753795623779297e-01
5.684041976928710938e-01 -3.604670339996118855e-08 -6.642046570777893066e-02 8.200640082359313965e-01
9.859375953674316406e-01 5.975695785309653729e-06 -1.349101122468709946e-02 1.665683090686798096e-01
1.000000000000000000e+00 0.000000000000000000e+00 0.000000000000000000e+00 0.000000000000000000e+00
9.903583526611328125e-01 -8.302746340632438660e-03 1.312027219682931900e-02 1.376563757658004761e-01
9.292408823966979980e-01 2.054592407318978076e-08 -2.982752211391925812e-02 3.682685494422912598e-01
9.278135895729064941e-01 -1.877072293154924409e-07 -3.011582046747207642e-02 3.718265593051910400e-01
1.000000000000000000e+00 0.000000000000000000e+00 0.000000000000000000e+00 0.000000000000000000e+00
9.926475286483764648e-01 6.877582520246505737e-02 -3.572304919362068176e-02 9.297704696655273438e-02
9.568277597427368164e-01 1.838202029466629028e-01 -1.551735997200012207e-01 -1.631315946578979492e-01
8.716102242469787598e-01 1.135835200548171997e-01 -4.056346416473388672e-01 -2.507090270519256592e-01
1.000000000000000000e+00 0.000000000000000000e+00 0.000000000000000000e+00 0.000000000000000000e+00
9.039081931114196777e-01 -7.364489883184432983e-02 3.946326375007629395e-01 1.476203799247741699e-01
9.814008474349975586e-01 1.916564553976058960e-01 1.044496614485979080e-02 -3.330299397930502892e-03
9.994379281997680664e-01 2.442602626979351044e-02 1.117860246449708939e-02 -2.005730941891670227e-02
9.999983906745910645e-01 -1.795803196728229523e-03 1.162935916454443941e-07 -5.317187606124207377e-05
1.000000000000000000e+00 0.000000000000000000e+00 0.000000000000000000e+00 0.000000000000000000e+00
9.973011612892150879e-01 3.328851982951164246e-02 4.597504809498786926e-02 -4.656987637281417847e-02
9.635925889015197754e-01 2.672948539257049561e-01 -2.099499106407165527e-03 6.195159628987312317e-03
9.711023569107055664e-01 -1.806417703628540039e-01 -1.426020860671997070e-01 6.319312751293182373e-02
9.999967813491821289e-01 -2.538363682106137276e-03 -2.859114545117336093e-08 -1.953957351474855386e-08
1.000000000000000000e+00 0.000000000000000000e+00 0.000000000000000000e+00 0.000000000000000000e+00
#New slice
9.313813447952270508e-01 -1.179199665784835815e-01 -3.434193134307861328e-01 -2.620992250740528107e-02
9.976742267608642578e-01 6.808799505233764648e-02 -3.133463673293590546e-03 5.623647011816501617e-04
9.898682236671447754e-01 1.418774276971817017e-01 -7.759216241538524628e-04 -5.578535143285989761e-03
9.898672103881835938e-01 1.418849974870681763e-01 -1.338715665042400360e-03 -5.457843653857707977e-03
9.977055191993713379e-01 -2.325130160897970200e-03 6.752525269985198975e-02 4.316419828683137894e-03
9.762237071990966797e-01 -2.465765178203582764e-02 1.959806978702545166e-01 8.927951753139495850e-02
1.000000000000000000e+00 0.000000000000000000e+00 0.000000000000000000e+00 0.000000000000000000e+00
1.000000000000000000e+00 0.000000000000000000e+00 0.000000000000000000e+00 0.000000000000000000e+00
1.000000000000000000e+00 0.000000000000000000e+00 0.000000000000000000e+00 0.000000000000000000e+00
9.457658529281616211e-01 -3.221844434738159180e-01 -3.092375211417675018e-02 2.771066129207611084e-02
8.008050918579101562e-01 -2.716546058654785156e-01 -1.930937170982360840e-01 -4.976241886615753174e-01
8.179780244827270508e-01 -1.350904597074986668e-07 -5.752496719360351562e-01 -1.805152720635305741e-07
5.636459589004516602e-01 -7.647411823272705078e-01 2.909991145133972168e-01 1.131090894341468811e-01
9.952203631401062012e-01 4.320448637008666992e-02 8.212217688560485840e-02 3.042981401085853577e-02
9.834712147712707520e-01 1.678905338048934937e-01 -2.392863482236862183e-02 6.343989074230194092e-02
9.955748915672302246e-01 -4.053445905447006226e-02 -8.319444209337234497e-02 1.631691306829452515e-02
1.000000000000000000e+00 0.000000000000000000e+00 0.000000000000000000e+00 0.000000000000000000e+00
9.484407305717468262e-01 -1.257990114390850067e-02 3.184451162815093994e-02 -3.150998055934906006e-01
8.648290038108825684e-01 -8.615093527453154820e-09 5.095670372247695923e-02 -4.994741976261138916e-01
9.776689410209655762e-01 4.477196569041552721e-08 2.132923156023025513e-02 -2.090658098459243774e-01
1.000000000000000000e+00 0.000000000000000000e+00 0.000000000000000000e+00 0.000000000000000000e+00
8.960872888565063477e-01 -1.805563829839229584e-02 4.445829614996910095e-02 -4.412766098976135254e-01
8.425854444503784180e-01 6.410828490288622561e-08 5.466106161475181580e-02 -5.357816219329833984e-01
9.877976775169372559e-01 5.091268562296136224e-08 1.580708101391792297e-02 -1.549390256404876709e-01
1.000000000000000000e+00 0.000000000000000000e+00 0.000000000000000000e+00 0.000000000000000000e+00
8.602612018585205078e-01 -2.597965113818645477e-02 4.254565387964248657e-02 -5.074107050895690918e-01
8.080810308456420898e-01 -5.532054814239018015e-08 5.978728085756301880e-02 -5.860294699668884277e-01
9.746339321136474609e-01 -3.177242291485526948e-08 2.271488122642040253e-02 -2.226498872041702271e-01
1.000000000000000000e+00 0.000000000000000000e+00 0.000000000000000000e+00 0.000000000000000000e+00
8.035311698913574219e-01 -6.955408304929733276e-02 -2.129795961081981659e-03 -5.911813378334045410e-01
8.470049500465393066e-01 -1.341448552238944103e-07 5.395273864269256592e-02 -5.288400053977966309e-01
9.924292564392089844e-01 -5.454607787669374375e-08 1.246524415910243988e-02 -1.221832633018493652e-01
1.000000000000000000e+00 0.000000000000000000e+00 0.000000000000000000e+00 0.000000000000000000e+00
9.312657713890075684e-01 -3.432220816612243652e-01 -1.092834025621414185e-01 -5.477059260010719299e-02
6.594785451889038086e-01 1.479757428169250488e-01 5.478448867797851562e-01 4.930082857608795166e-01
6.388799548149108887e-01 6.946813613240010454e-08 7.693064808845520020e-01 6.946788744244258851e-08
8.766515254974365234e-01 -3.885218501091003418e-01 -2.356833815574645996e-01 -1.580702364444732666e-01
8.428975343704223633e-01 -4.554329812526702881e-02 -4.737574141472578049e-03 5.361223220825195312e-01
7.542319893836975098e-01 2.469591864340259235e-09 -5.300776287913322449e-02 6.544649004936218262e-01
8.651718497276306152e-01 4.305839684803913769e-09 -4.048410430550575256e-02 4.998389184474945068e-01
1.000000000000000000e+00 0.000000000000000000e+00 0.000000000000000000e+00 0.000000000000000000e+00
8.763734698295593262e-01 -3.716252371668815613e-02 -5.196512211114168167e-03 4.801684319972991943e-01
6.486766338348388672e-01 7.752925768045315635e-08 -6.144046783447265625e-02 7.585800290107727051e-01
9.041824340820312500e-01 -6.437601030029327376e-08 -3.448351472616195679e-02 4.257522821426391602e-01
1.000000000000000000e+00 0.000000000000000000e+00 0.000000000000000000e+00 0.000000000000000000e+00
8.944702744483947754e-01 -1.034891465678811073e-03 -6.873135268688201904e-02 4.418120086193084717e-01
5.666381120681762695e-01 1.314874538138610660e-07 -6.651876866817474365e-02 8.212773799896240234e-01
9.853509664535522461e-01 5.891352884646039456e-06 -1.376779563724994659e-02 1.699821501970291138e-01
1.000000000000000000e+00 0.000000000000000000e+00 0.000000000000000000e+00 0.000000000000000000e+00
9.910130500793457031e-01 -8.100490085780620575e-03 1.445531751960515976e-02 1.327348500490188599e-01
9.227667450904846191e-01 -1.675391416711136117e-07 -3.111007623374462128e-02 3.841011226177215576e-01
9.202272891998291016e-01 -1.027238241135819408e-07 -3.159645572304725647e-02 3.901072144508361816e-01
1.000000000000000000e+00 0.000000000000000000e+00 0.000000000000000000e+00 0.000000000000000000e+00
9.930571913719177246e-01 6.850522756576538086e-02 -2.144389972090721130e-02 9.319110214710235596e-02
9.584606885910034180e-01 1.622931659221649170e-01 -1.836096495389938354e-01 -1.459506452083587646e-01
8.712154626846313477e-01 1.122827902436256409e-01 -4.061276912689208984e-01 -2.518661022186279297e-01
1.000000000000000000e+00 0.000000000000000000e+00 0.000000000000000000e+00 0.000000000000000000e+00
9.049121141433715820e-01 -6.566921621561050415e-02 3.940278589725494385e-01 1.468458622694015503e-01
9.824033975601196289e-01 1.863636225461959839e-01 1.194345299154520035e-02 -3.083825344219803810e-03
9.993326663970947266e-01 2.764065936207771301e-02 1.116370689123868942e-02 -2.111412025988101959e-02
9.999983906745910645e-01 -1.800583791919052601e-03 2.187823966437463241e-08 -6.976266013225540519e-05
1.000000000000000000e+00 0.000000000000000000e+00 0.000000000000000000e+00 0.000000000000000000e+00
9.970566630363464355e-01 3.751735389232635498e-02 4.465291649103164673e-02 -4.976569861173629761e-02
9.632916450500488281e-01 2.683153450489044189e-01 5.028413143008947372e-04 8.709683082997798920e-03
9.710663557052612305e-01 -1.816915720701217651e-01 -1.426423937082290649e-01 6.059295311570167542e-02
9.999881982803344727e-01 -4.869116004556417465e-03 -4.228537591188796796e-07 -1.577392616525230551e-08
1.000000000000000000e+00 0.000000000000000000e+00 0.000000000000000000e+00 0.000000000000000000e+00
#New slice
9.318758845329284668e-01 -1.226396933197975159e-01 -3.404847979545593262e-01 -2.523807622492313385e-02
9.976776242256164551e-01 6.798929721117019653e-02 -3.907008096575737000e-03 1.257803523913025856e-03
9.898679852485656738e-01 1.418900489807128906e-01 -9.045888436958193779e-04 -5.268827080726623535e-03
9.898664951324462891e-01 1.419001817703247070e-01 -1.476080156862735748e-03 -5.146884359419345856e-03
9.978010654449462891e-01 -5.458367522805929184e-03 6.576777994632720947e-02 6.150686182081699371e-03
9.769946932792663574e-01 -2.208518795669078827e-02 1.924982070922851562e-01 8.909598737955093384e-02
1.000000000000000000e+00 0.000000000000000000e+00 0.000000000000000000e+00 0.000000000000000000e+00
1.000000000000000000e+00 0.000000000000000000e+00 0.000000000000000000e+00 0.000000000000000000e+00
1.000000000000000000e+00 0.000000000000000000e+00 0.000000000000000000e+00 0.000000000000000000e+00
9.457325339317321777e-01 -3.222329914569854736e-01 -3.176438435912132263e-02 2.732911333441734314e-02
7.966842651367187500e-01 -2.742679119110107422e-01 -1.900674402713775635e-01 -5.039305090904235840e-01
8.186302185058593750e-01 1.293060165608039824e-07 -5.743211507797241211e-01 4.595037950139158056e-08
5.656574368476867676e-01 -7.612670660018920898e-01 2.959902882575988770e-01 1.135514527559280396e-01
9.952203631401062012e-01 4.320448637008666992e-02 8.212217688560485840e-02 3.042981401085853577e-02
9.834712147712707520e-01 1.678905338048934937e-01 -2.392863482236862183e-02 6.343989074230194092e-02
9.955748915672302246e-01 -4.053445905447006226e-02 -8.319444209337234497e-02 1.631691306829452515e-02
1.000000000000000000e+00 0.000000000000000000e+00 0.000000000000000000e+00 0.000000000000000000e+00
9.484407305717468262e-01 -1.257990114390850067e-02 3.184451162815093994e-02 -3.150998055934906006e-01
8.648290038108825684e-01 -8.615093527453154820e-09 5.095670372247695923e-02 -4.994741976261138916e-01
9.776689410209655762e-01 4.477196569041552721e-08 2.132923156023025513e-02 -2.090658098459243774e-01
1.000000000000000000e+00 0.000000000000000000e+00 0.000000000000000000e+00 0.000000000000000000e+00
8.960872888565063477e-01 -1.805563829839229584e-02 4.445829614996910095e-02 -4.412766098976135254e-01
8.425854444503784180e-01 6.410828490288622561e-08 5.466106161475181580e-02 -5.357816219329833984e-01
9.877976775169372559e-01 5.091268562296136224e-08 1.580708101391792297e-02 -1.549390256404876709e-01
1.000000000000000000e+00 0.000000000000000000e+00 0.000000000000000000e+00 0.000000000000000000e+00
8.602612018585205078e-01 -2.597965113818645477e-02 4.254565387964248657e-02 -5.074107050895690918e-01
8.080810308456420898e-01 -5.532054814239018015e-08 5.978728085756301880e-02 -5.860294699668884277e-01
9.746339321136474609e-01 -3.177242291485526948e-08 2.271488122642040253e-02 -2.226498872041702271e-01
1.000000000000000000e+00 0.000000000000000000e+00 0.000000000000000000e+00 0.000000000000000000e+00
8.035311698913574219e-01 -6.955408304929733276e-02 -2.129795961081981659e-03 -5.911813378334045410e-01
8.470049500465393066e-01 -1.341448552238944103e-07 5.395273864269256592e-02 -5.288400053977966309e-01
9.924292564392089844e-01 -5.454607787669374375e-08 1.246524415910243988e-02 -1.221832633018493652e-01
1.000000000000000000e+00 0.000000000000000000e+00 0.000000000000000000e+00 0.000000000000000000e+00
9.308618307113647461e-01 -3.433692455291748047e-01 -1.118213087320327759e-01 -5.558687448501586914e-02
6.594265103340148926e-01 1.461880356073379517e-01 5.496004223823547363e-01 4.916555881500244141e-01
6.365622282028198242e-01 -2.542901711422018707e-07 7.712253928184509277e-01 3.080846227021538652e-07
8.723518848419189453e-01 -3.913791179656982422e-01 -2.465277314186096191e-01 -1.582678258419036865e-01
8.431245088577270508e-01 -4.516304284334182739e-02 -5.260009318590164185e-03 5.357925891876220703e-01
7.548102736473083496e-01 9.624029218002760899e-08 -5.295411124825477600e-02 6.538021564483642578e-01
8.629735112190246582e-01 4.964328326195754926e-08 -4.078866168856620789e-02 5.036000609397888184e-01
1.000000000000000000e+00 0.000000000000000000e+00 0.000000000000000000e+00 0.000000000000000000e+00
8.771668672561645508e-01 -3.680105134844779968e-02 -5.511187948286533356e-03 4.787416160106658936e-01
6.474382281303405762e-01 -5.466198516046461009e-08 -6.152574345469474792e-02 7.596304416656494141e-01
9.048225283622741699e-01 1.693178148798324401e-07 -3.437381237745285034e-02 4.243991374969482422e-01
1.000000000000000000e+00 0.000000000000000000e+00 0.000000000000000000e+00 0.000000000000000000e+00
8.938202857971191406e-01 -1.166890142485499382e-03 -6.855967640876770020e-02 4.431518316268920898e-01
5.660232305526733398e-01 5.265211555638416030e-08 -6.655281782150268555e-02 8.216984868049621582e-01
9.853538274765014648e-01 5.948045782133704051e-06 -1.376638468354940414e-02 1.699656993150711060e-01
1.000000000000000000e+00 0.000000000000000000e+00 0.000000000000000000e+00 0.000000000000000000e+00
9.939715266227722168e-01 -6.540358532220125198e-03 1.704556681215763092e-02 1.081077009439468384e-01
9.438583850860595703e-01 1.055788843018490297e-07 -2.666902914643287659e-02 3.292721211910247803e-01
9.474790096282958984e-01 6.684047804128567805e-08 -2.581881359219551086e-02 3.187744319438934326e-01
1.000000000000000000e+00 0.000000000000000000e+00 0.000000000000000000e+00 0.000000000000000000e+00
9.931050539016723633e-01 6.823156028985977173e-02 -2.053504437208175659e-02 9.308686852455139160e-02
9.581853151321411133e-01 1.640711128711700439e-01 -1.816095262765884399e-01 -1.482556462287902832e-01
8.705758452415466309e-01 1.101750880479812622e-01 -4.069094657897949219e-01 -2.537400722503662109e-01
1.000000000000000000e+00 0.000000000000000000e+00 0.000000000000000000e+00 0.000000000000000000e+00
9.056932330131530762e-01 -5.980423837900161743e-02 3.936758637428283691e-01 1.454734802246093750e-01
9.837327003479003906e-01 1.793428212404251099e-01 9.684825316071510315e-03 -3.509252099320292473e-03
9.991772174835205078e-01 3.300558403134346008e-02 1.113660261034965515e-02 -2.077301964163780212e-02
9.999985694885253906e-01 -1.741037471219897270e-03 2.231507778560626321e-07 -5.732813588110730052e-05
1.000000000000000000e+00 0.000000000000000000e+00 0.000000000000000000e+00 0.000000000000000000e+00
9.969073534011840820e-01 4.054721444845199585e-02 4.315985366702079773e-02 -5.166315287351608276e-02
9.628428220748901367e-01 2.698298990726470947e-01 -8.620283333584666252e-04 1.117220520973205566e-02
9.711078405380249023e-01 -1.823173612356185913e-01 -1.426704972982406616e-01 5.792344361543655396e-02
9.999818801879882812e-01 -6.019432097673416138e-03 -1.859842626572572044e-07 -1.633077850726749602e-08
1.000000000000000000e+00 0.000000000000000000e+00 0.000000000000000000e+00 0.000000000000000000e+00
#New slice
9.335812926292419434e-01 -1.229221597313880920e-01 -3.356651663780212402e-01 -2.539852634072303772e-02
9.976404309272766113e-01 6.854470074176788330e-02 -3.442041808739304543e-03 1.830149558372795582e-03
9.898250102996826172e-01 1.421892642974853516e-01 -7.401156472042202950e-04 -5.308851134032011032e-03
9.898231029510498047e-01 1.422026902437210083e-01 -1.320673734880983829e-03 -5.184715613722801208e-03
9.979072809219360352e-01 -3.957774490118026733e-03 6.403596699237823486e-02 8.060694672167301178e-03
9.774967432022094727e-01 -2.810102701187133789e-02 1.884952932596206665e-01 9.044355899095535278e-02
1.000000000000000000e+00 0.000000000000000000e+00 0.000000000000000000e+00 0.000000000000000000e+00
1.000000000000000000e+00 0.000000000000000000e+00 0.000000000000000000e+00 0.000000000000000000e+00
1.000000000000000000e+00 0.000000000000000000e+00 0.000000000000000000e+00 0.000000000000000000e+00
9.456076025962829590e-01 -3.223000168800354004e-01 -3.482143580913543701e-02 2.714046277105808258e-02
7.980366945266723633e-01 -2.781622111797332764e-01 -2.046416401863098145e-01 -4.938471317291259766e-01
8.300204873085021973e-01 1.748427251868633903e-07 -5.577330589294433594e-01 3.593014810121530900e-07
5.605801343917846680e-01 -7.675202488899230957e-01 2.921787500381469727e-01 1.062753796577453613e-01
9.952203631401062012e-01 4.320448637008666992e-02 8.212217688560485840e-02 3.042981401085853577e-02
9.834712147712707520e-01 1.678905338048934937e-01 -2.392863482236862183e-02 6.343989074230194092e-02
9.955748915672302246e-01 -4.053445905447006226e-02 -8.319444209337234497e-02 1.631691306829452515e-02
1.000000000000000000e+00 0.000000000000000000e+00 0.000000000000000000e+00 0.000000000000000000e+00
9.484407305717468262e-01 -1.257990114390850067e-02 3.184451162815093994e-02 -3.150998055934906006e-01
8.648290038108825684e-01 -8.615093527453154820e-09 5.095670372247695923e-02 -4.994741976261138916e-01
9.776689410209655762e-01 4.477196569041552721e-08 2.132923156023025513e-02 -2.090658098459243774e-01
1.000000000000000000e+00 0.000000000000000000e+00 0.000000000000000000e+00 0.000000000000000000e+00
8.960872888565063477e-01 -1.805563829839229584e-02 4.445829614996910095e-02 -4.412766098976135254e-01
8.425854444503784180e-01 6.410828490288622561e-08 5.466106161475181580e-02 -5.357816219329833984e-01
9.877976775169372559e-01 5.091268562296136224e-08 1.580708101391792297e-02 -1.549390256404876709e-01
1.000000000000000000e+00 0.000000000000000000e+00 0.000000000000000000e+00 0.000000000000000000e+00
8.602612018585205078e-01 -2.597965113818645477e-02 4.254565387964248657e-02 -5.074107050895690918e-01
8.080810308456420898e-01 -5.532054814239018015e-08 5.978728085756301880e-02 -5.860294699668884277e-01
9.746339321136474609e-01 -3.177242291485526948e-08 2.271488122642040253e-02 -2.226498872041702271e-01
1.000000000000000000e+00 0.000000000000000000e+00 0.000000000000000000e+00 0.000000000000000000e+00
8.035311698913574219e-01 -6.955408304929733276e-02 -2.129795961081981659e-03 -5.911813378334045410e-01
8.470049500465393066e-01 -1.341448552238944103e-07 5.395273864269256592e-02 -5.288400053977966309e-01
9.924292564392089844e-01 -5.454607787669374375e-08 1.246524415910243988e-02 -1.221832633018493652e-01
1.000000000000000000e+00 0.000000000000000000e+00 0.000000000000000000e+00 0.000000000000000000e+00
9.311320185661315918e-01 -3.434131741523742676e-01 -1.093241423368453979e-01 -5.575654283165931702e-02
6.601760387420654297e-01 1.369276046752929688e-01 5.503273010253906250e-01 4.925020933151245117e-01
6.408953666687011719e-01 -1.875559689779038308e-07 7.676282525062561035e-01 1.875566368880754453e-07
8.709289431571960449e-01 -3.909701406955718994e-01 -2.509566247463226318e-01 -1.601433455944061279e-01
8.438960313796997070e-01 -4.465602710843086243e-02 -5.776714999228715897e-03 5.346139073371887207e-01
7.537347674369812012e-01 -7.413662572730572720e-09 -5.305393785238265991e-02 6.550337076187133789e-01
8.623183965682983398e-01 1.890037992779980414e-07 -4.087884724140167236e-02 5.047137141227722168e-01
1.000000000000000000e+00 0.000000000000000000e+00 0.000000000000000000e+00 0.000000000000000000e+00
8.784657120704650879e-01 -3.626900911331176758e-02 -5.918574519455432892e-03 4.763900935649871826e-01
6.449255943298339844e-01 5.776310096905490354e-09 -6.169727817177772522e-02 7.617509365081787109e-01
9.052286148071289062e-01 -1.059690646343369735e-07 -3.430413082242012024e-02 4.235379695892333984e-01
1.000000000000000000e+00 0.000000000000000000e+00 0.000000000000000000e+00 0.000000000000000000e+00
8.957940340042114258e-01 -1.067091128788888454e-03 -6.847907602787017822e-02 4.391614198684692383e-01
5.669594407081604004e-01 -1.675514909038611222e-07 -6.650074571371078491e-02 8.210570812225341797e-01
9.858865737915039062e-01 5.954159860266372561e-06 -1.351528149098157883e-02 1.668681949377059937e-01
1.000000000000000000e+00 0.000000000000000000e+00 0.000000000000000000e+00 0.000000000000000000e+00
9.956769347190856934e-01 -5.354833323508501053e-03 1.779568009078502655e-02 9.100642055273056030e-02
9.585700631141662598e-01 1.666251137066865340e-07 -2.299641072750091553e-02 2.839275002479553223e-01
9.658399820327758789e-01 -1.359609171913689352e-07 -2.092029899358749390e-02 2.582935094833374023e-01
1.000000000000000000e+00 0.000000000000000000e+00 0.000000000000000000e+00 0.000000000000000000e+00
9.928253889083862305e-01 6.833276152610778809e-02 -3.188408166170120239e-02 9.279956668615341187e-02
9.563254714012145996e-01 1.838642805814743042e-01 -1.559588015079498291e-01 -1.652648001909255981e-01
8.703299164772033691e-01 1.093587502837181091e-01 -4.072009325027465820e-01 -2.544679343700408936e-01
1.000000000000000000e+00 0.000000000000000000e+00 0.000000000000000000e+00 0.000000000000000000e+00
9.056661128997802734e-01 -6.147109344601631165e-02 3.936849534511566162e-01 1.449221074581146240e-01
9.842549562454223633e-01 1.766353696584701538e-01 4.964028485119342804e-03 -4.199200775474309921e-03
9.990884065628051758e-01 3.643425554037094116e-02 1.109350845217704773e-02 -1.928327046334743500e-02
9.999986290931701660e-01 -1.666404074057936668e-03 2.508164875791862869e-08 -2.454156674502883106e-05
1.000000000000000000e+00 0.000000000000000000e+00 0.000000000000000000e+00 0.000000000000000000e+00
9.970128536224365234e-01 3.958763554692268372e-02 4.278102517127990723e-02 -5.067472159862518311e-02
9.624134898185729980e-01 2.712327539920806885e-01 -5.825780332088470459e-03 1.262332871556282043e-02
9.711882472038269043e-01 -1.822977513074874878e-01 -1.426442861557006836e-01 5.668779462575912476e-02
9.999841451644897461e-01 -5.632712505757808685e-03 -1.138790821642032824e-07 2.963180811832444306e-09
1.000000000000000000e+00 0.000000000000000000e+00 0.000000000000000000e+00 0.000000000000000000e+00
#New slice
9.348590373992919922e-01 -1.191117838025093079e-01 -3.334010839462280273e-01 -2.635824307799339294e-02
9.975997805595397949e-01 6.918261200189590454e-02 -2.318241633474826813e-03 1.740746898576617241e-03
9.897813200950622559e-01 1.424807906150817871e-01 -4.600135725922882557e-04 -5.653842817991971970e-03
9.897793531417846680e-01 1.424962878227233887e-01 -1.045881188474595547e-03 -5.528721027076244354e-03
9.979348778724670410e-01 2.063564897980540991e-04 6.366059929132461548e-02 8.562115952372550964e-03
9.773557782173156738e-01 -3.621021658182144165e-02 1.872369050979614258e-01 9.168874472379684448e-02
1.000000000000000000e+00 0.000000000000000000e+00 0.000000000000000000e+00 0.000000000000000000e+00
1.000000000000000000e+00 0.000000000000000000e+00 0.000000000000000000e+00 0.000000000000000000e+00
1.000000000000000000e+00 0.000000000000000000e+00 0.000000000000000000e+00 0.000000000000000000e+00
9.455357193946838379e-01 -3.223033845424652100e-01 -3.709467500448226929e-02 2.658445201814174652e-02
8.031173348426818848e-01 -2.794286310672760010e-01 -2.223833799362182617e-01 -4.769358336925506592e-01
8.412154316902160645e-01 1.841036407768115168e-07 -5.407001376152038574e-01 -1.558675819524069084e-07
5.527521967887878418e-01 -7.771525979042053223e-01 2.842995524406433105e-01 9.834977239370346069e-02
9.952203631401062012e-01 4.320448637008666992e-02 8.212217688560485840e-02 3.042981401085853577e-02
9.834712147712707520e-01 1.678905338048934937e-01 -2.392863482236862183e-02 6.343989074230194092e-02
9.955748915672302246e-01 -4.053445905447006226e-02 -8.319444209337234497e-02 1.631691306829452515e-02
1.000000000000000000e+00 0.000000000000000000e+00 0.000000000000000000e+00 0.000000000000000000e+00
9.484407305717468262e-01 -1.257990114390850067e-02 3.184451162815093994e-02 -3.150998055934906006e-01
8.648290038108825684e-01 -8.615093527453154820e-09 5.095670372247695923e-02 -4.994741976261138916e-01
9.776689410209655762e-01 4.477196569041552721e-08 2.132923156023025513e-02 -2.090658098459243774e-01
1.000000000000000000e+00 0.000000000000000000e+00 0.000000000000000000e+00 0.000000000000000000e+00
8.960872888565063477e-01 -1.805563829839229584e-02 4.445829614996910095e-02 -4.412766098976135254e-01
8.425854444503784180e-01 6.410828490288622561e-08 5.466106161475181580e-02 -5.357816219329833984e-01
9.877976775169372559e-01 5.091268562296136224e-08 1.580708101391792297e-02 -1.549390256404876709e-01
1.000000000000000000e+00 0.000000000000000000e+00 0.000000000000000000e+00 0.000000000000000000e+00
8.602612018585205078e-01 -2.597965113818645477e-02 4.254565387964248657e-02 -5.074107050895690918e-01
8.080810308456420898e-01 -5.532054814239018015e-08 5.978728085756301880e-02 -5.860294699668884277e-01
9.746339321136474609e-01 -3.177242291485526948e-08 2.271488122642040253e-02 -2.226498872041702271e-01
1.000000000000000000e+00 0.000000000000000000e+00 0.000000000000000000e+00 0.000000000000000000e+00
8.035311698913574219e-01 -6.955408304929733276e-02 -2.129795961081981659e-03 -5.911813378334045410e-01
8.470049500465393066e-01 -1.341448552238944103e-07 5.395273864269256592e-02 -5.288400053977966309e-01
9.924292564392089844e-01 -5.454607787669374375e-08 1.246524415910243988e-02 -1.221832633018493652e-01
1.000000000000000000e+00 0.000000000000000000e+00 0.000000000000000000e+00 0.000000000000000000e+00
9.316723942756652832e-01 -3.434225618839263916e-01 -1.045496463775634766e-01 -5.582957342267036438e-02
6.606830954551696777e-01 1.283772438764572144e-01 5.497923493385314941e-01 4.947175979614257812e-01
6.474031209945678711e-01 -8.620695268746203510e-08 7.621478438377380371e-01 1.014861155113067070e-07
8.726680874824523926e-01 -3.887513577938079834e-01 -2.473498433828353882e-01 -1.616813838481903076e-01
8.443927764892578125e-01 -4.451901093125343323e-02 -5.805214866995811462e-03 5.338400602340698242e-01
7.521677017211914062e-01 1.634403901107361889e-07 -5.319872498512268066e-02 6.568208932876586914e-01
8.636955022811889648e-01 -8.626397374200678314e-09 -4.068879783153533936e-02 5.023689270019531250e-01
1.000000000000000000e+00 0.000000000000000000e+00 0.000000000000000000e+00 0.000000000000000000e+00
8.788737654685974121e-01 -3.612347319722175598e-02 -6.007160991430282593e-03 4.756470918655395508e-01
6.435424089431762695e-01 -1.013026960094975948e-07 -6.179169192910194397e-02 7.629121541976928711e-01
9.050732851028442383e-01 -1.955104877993107948e-08 -3.433105349540710449e-02 4.238678216934204102e-01
1.000000000000000000e+00 0.000000000000000000e+00 0.000000000000000000e+00 0.000000000000000000e+00
8.981355428695678711e-01 -8.337542531080543995e-04 -6.861648708581924438e-02 4.343312978744506836e-01
5.682845711708068848e-01 -1.835491048041149043e-07 -6.642724573612213135e-02 8.201463818550109863e-01
9.863892197608947754e-01 5.892232820770004764e-06 -1.327420026063919067e-02 1.638904809951782227e-01
1.000000000000000000e+00 0.000000000000000000e+00 0.000000000000000000e+00 0.000000000000000000e+00
9.956068396568298340e-01 -5.322757642716169357e-03 1.659547723829746246e-02 9.199617803096771240e-02
9.606844186782836914e-01 9.500478626023323159e-08 -2.241412177681922913e-02 2.767365872859954834e-01
9.688903689384460449e-01 -7.281286684701626655e-08 -1.997983083128929138e-02 2.466825097799301147e-01
1.000000000000000000e+00 0.000000000000000000e+00 0.000000000000000000e+00 0.000000000000000000e+00
9.923972487449645996e-01 6.864102929830551147e-02 -4.316962137818336487e-02 9.258881211280822754e-02
9.536758065223693848e-01 2.007660865783691406e-01 -1.336421966552734375e-01 -1.798200011253356934e-01
8.706429004669189453e-01 1.103666797280311584e-01 -4.068146049976348877e-01 -2.535785436630249023e-01
1.000000000000000000e+00 0.000000000000000000e+00 0.000000000000000000e+00 0.000000000000000000e+00
9.049403071403503418e-01 -6.814966350793838501e-02 3.940512835979461670e-01 1.454726755619049072e-01
9.836618900299072266e-01 1.799555420875549316e-01 2.159821800887584686e-03 -4.569902084767818451e-03
9.991539716720581055e-01 3.525347262620925903e-02 1.108773797750473022e-02 -1.804809272289276123e-02
9.999986886978149414e-01 -1.676367712207138538e-03 1.277966958923570928e-07 -1.319209241046337411e-05
1.000000000000000000e+00 0.000000000000000000e+00 0.000000000000000000e+00 0.000000000000000000e+00
9.972189068794250488e-01 3.606532514095306396e-02 4.387538880109786987e-02 -4.825840890407562256e-02
9.623942375183105469e-01 2.712044715881347656e-01 -9.766591712832450867e-03 1.225215848535299301e-02
9.712558388710021973e-01 -1.817057579755783081e-01 -1.425684243440628052e-01 5.761458724737167358e-02
9.999908208847045898e-01 -4.291940480470657349e-03 3.155824970235698856e-07 -2.972806001366734563e-09
1.000000000000000000e+00 0.000000000000000000e+00 0.000000000000000000e+00 0.000000000000000000e+00
#New slice
9.346908926963806152e-01 -1.145281270146369934e-01 -3.354039788246154785e-01 -2.720969356596469879e-02
9.975791573524475098e-01 6.952566653490066528e-02 -1.215635449625551701e-03 7.160011446103453636e-04
9.897557497024536133e-01 1.426398754119873047e-01 -2.570555079728364944e-04 -6.112923845648765564e-03
9.897544384002685547e-01 1.426521241664886475e-01 -8.495158981531858444e-04 -5.988813005387783051e-03
9.978892803192138672e-01 3.359481226652860641e-03 6.435439735651016235e-02 8.014365099370479584e-03
9.768762588500976562e-01 -4.051641002297401428e-02 1.888424456119537354e-01 9.170487523078918457e-02
1.000000000000000000e+00 0.000000000000000000e+00 0.000000000000000000e+00 0.000000000000000000e+00
1.000000000000000000e+00 0.000000000000000000e+00 0.000000000000000000e+00 0.000000000000000000e+00
1.000000000000000000e+00 0.000000000000000000e+00 0.000000000000000000e+00 0.000000000000000000e+00
9.455723166465759277e-01 -3.222584724426269531e-01 -3.703789040446281433e-02 2.589746564626693726e-02
8.086563944816589355e-01 -2.774432897567749023e-01 -2.313975691795349121e-01 -4.642795324325561523e-01
8.456631898880004883e-01 -7.767079068798921071e-08 -5.337171554565429688e-01 -7.607406615761647117e-08
5.461612939834594727e-01 -7.841892838478088379e-01 2.787493169307708740e-01 9.515160322189331055e-02
9.952203631401062012e-01 4.320448637008666992e-02 8.212217688560485840e-02 3.042981401085853577e-02
9.834712147712707520e-01 1.678905338048934937e-01 -2.392863482236862183e-02 6.343989074230194092e-02
9.955748915672302246e-01 -4.053445905447006226e-02 -8.319444209337234497e-02 1.631691306829452515e-02
1.000000000000000000e+00 0.000000000000000000e+00 0.000000000000000000e+00 0.000000000000000000e+00
9.484407305717468262e-01 -1.257990114390850067e-02 3.184451162815093994e-02 -3.150998055934906006e-01
8.648290038108825684e-01 -8.615093527453154820e-09 5.095670372247695923e-02 -4.994741976261138916e-01
9.776689410209655762e-01 4.477196569041552721e-08 2.132923156023025513e-02 -2.090658098459243774e-01
1.000000000000000000e+00 0.000000000000000000e+00 0.000000000000000000e+00 0.000000000000000000e+00
8.960872888565063477e-01 -1.805563829839229584e-02 4.445829614996910095e-02 -4.412766098976135254e-01
8.425854444503784180e-01 6.410828490288622561e-08 5.466106161475181580e-02 -5.357816219329833984e-01
9.877976775169372559e-01 5.091268562296136224e-08 1.580708101391792297e-02 -1.549390256404876709e-01
1.000000000000000000e+00 0.000000000000000000e+00 0.000000000000000000e+00 0.000000000000000000e+00
8.602612018585205078e-01 -2.597965113818645477e-02 4.254565387964248657e-02 -5.074107050895690918e-01
8.080810308456420898e-01 -5.532054814239018015e-08 5.978728085756301880e-02 -5.860294699668884277e-01
9.746339321136474609e-01 -3.177242291485526948e-08 2.271488122642040253e-02 -2.226498872041702271e-01
1.000000000000000000e+00 0.000000000000000000e+00 0.000000000000000000e+00 0.000000000000000000e+00
8.035311698913574219e-01 -6.955408304929733276e-02 -2.129795961081981659e-03 -5.911813378334045410e-01
8.470049500465393066e-01 -1.341448552238944103e-07 5.395273864269256592e-02 -5.288400053977966309e-01
9.924292564392089844e-01 -5.454607787669374375e-08 1.246524415910243988e-02 -1.221832633018493652e-01
1.000000000000000000e+00 0.000000000000000000e+00 0.000000000000000000e+00 0.000000000000000000e+00
9.320622086524963379e-01 -3.434112966060638428e-01 -1.010740324854850769e-01 -5.579234659671783447e-02
6.602898836135864258e-01 1.245878264307975769e-01 5.497075319290161133e-01 4.963031113147735596e-01
6.517870426177978516e-01 -4.765424819197505713e-07 7.584020495414733887e-01 4.623478844223427586e-07
8.747898936271667480e-01 -3.874258399009704590e-01 -2.419409602880477905e-01 -1.615818738937377930e-01
8.442778587341308594e-01 -4.469493404030799866e-02 -5.565479397773742676e-03 5.340095758438110352e-01
7.512420415878295898e-01 -2.727362868881755276e-08 -5.328372865915298462e-02 6.578724980354309082e-01
8.655946850776672363e-01 -6.563197274545018445e-08 -4.042520001530647278e-02 4.991111159324645996e-01
1.000000000000000000e+00 0.000000000000000000e+00 0.000000000000000000e+00 0.000000000000000000e+00
8.783185482025146484e-01 -3.633312880992889404e-02 -5.864788778126239777e-03 4.766572117805480957e-01
6.438276171684265137e-01 4.628929062278075435e-08 -6.177202612161636353e-02 7.626730799674987793e-01
9.047163724899291992e-01 -3.602929155022138730e-08 -3.439204767346382141e-02 4.246239662170410156e-01
1.000000000000000000e+00 0.000000000000000000e+00 0.000000000000000000e+00 0.000000000000000000e+00
8.991147279739379883e-01 -6.133918650448322296e-04 -6.892623007297515869e-02 4.322516918182373047e-01
5.690629482269287109e-01 -5.237087208342927624e-08 -6.638365238904953003e-02 8.196099996566772461e-01
9.865643382072448730e-01 5.702031558030284941e-06 -1.318929623812437057e-02 1.628399342298507690e-01
1.000000000000000000e+00 0.000000000000000000e+00 0.000000000000000000e+00 0.000000000000000000e+00
9.947175979614257812e-01 -5.884263664484024048e-03 1.542814914137125015e-02 1.013133972883224487e-01
9.581153392791748047e-01 1.266076878891908564e-07 -2.311948873102664948e-02 2.854479253292083740e-01
9.661570787429809570e-01 -1.445917945375185809e-07 -2.082458138465881348e-02 2.571124136447906494e-01
1.000000000000000000e+00 0.000000000000000000e+00 0.000000000000000000e+00 0.000000000000000000e+00
9.921675920486450195e-01 6.878594309091567993e-02 -4.798557609319686890e-02 9.257133305072784424e-02
9.526720643043518066e-01 2.067067623138427734e-01 -1.253913491964340210e-01 -1.842965185642242432e-01
8.711146116256713867e-01 1.119139641523361206e-01 -4.062303602695465088e-01 -2.522132098674774170e-01
1.000000000000000000e+00 0.000000000000000000e+00 0.000000000000000000e+00 0.000000000000000000e+00
9.041087031364440918e-01 -7.377705723047256470e-02 3.945971131324768066e-01 1.464164257049560547e-01
9.826081991195678711e-01 1.856082379817962646e-01 3.368328558281064034e-03 -4.407711792737245560e-03
9.992985129356384277e-01 3.091932460665702820e-02 1.113936956971883774e-02 -1.796089857816696167e-02
9.999985694885253906e-01 -1.743825967423617840e-03 1.913159479727255530e-07 -3.832495349342934787e-05
1.000000000000000000e+00 0.000000000000000000e+00 0.000000000000000000e+00 0.000000000000000000e+00
9.973235130310058594e-01 3.320133313536643982e-02 4.548376426100730896e-02 -4.663585871458053589e-02
9.629225730895996094e-01 2.694020271301269531e-01 -9.560008533298969269e-03 1.056024618446826935e-02
9.712973237037658691e-01 -1.808415949344635010e-01 -1.424834728240966797e-01 5.980250984430313110e-02
9.999965429306030273e-01 -2.664351370185613632e-03 9.622068830594798783e-08 2.726858738810733485e-08
1.000000000000000000e+00 0.000000000000000000e+00 0.000000000000000000e+00 0.000000000000000000e+00
#New slice
9.337272047996520996e-01 -1.116904094815254211e-01 -3.390008807182312012e-01 -2.751679345965385437e-02
9.975731968879699707e-01 6.962140649557113647e-02 -4.609220195561647415e-04 -6.220978102646768093e-04
9.897433519363403320e-01 1.427106857299804688e-01 -1.748204085743054748e-04 -6.468486040830612183e-03
9.897429943084716797e-01 1.427170336246490479e-01 -7.774422992952167988e-04 -6.343697197735309601e-03
9.978422522544860840e-01 4.186218604445457458e-03 6.509754806756973267e-02 7.459685672074556351e-03
9.764890074729919434e-01 -4.082490131258964539e-02 1.911747008562088013e-01 9.085577726364135742e-02
1.000000000000000000e+00 0.000000000000000000e+00 0.000000000000000000e+00 0.000000000000000000e+00
1.000000000000000000e+00 0.000000000000000000e+00 0.000000000000000000e+00 0.000000000000000000e+00
1.000000000000000000e+00 0.000000000000000000e+00 0.000000000000000000e+00 0.000000000000000000e+00
9.456318616867065430e-01 -3.222279548645019531e-01 -3.585067763924598694e-02 2.577699720859527588e-02
8.119733333587646484e-01 -2.751638591289520264e-01 -2.321223467588424683e-01 -4.594598710536956787e-01
8.450401425361633301e-01 -1.976565044969902374e-07 -5.347028374671936035e-01 -2.157281500103636063e-07
5.425485968589782715e-01 -7.870978713035583496e-01 2.773296236991882324e-01 9.594954550266265869e-02
9.952203631401062012e-01 4.320448637008666992e-02 8.212217688560485840e-02 3.042981401085853577e-02
9.834712147712707520e-01 1.678905338048934937e-01 -2.392863482236862183e-02 6.343989074230194092e-02
9.955748915672302246e-01 -4.053445905447006226e-02 -8.319444209337234497e-02 1.631691306829452515e-02
1.000000000000000000e+00 0.000000000000000000e+00 0.000000000000000000e+00 0.000000000000000000e+00
9.484407305717468262e-01 -1.257990114390850067e-02 3.184451162815093994e-02 -3.150998055934906006e-01
8.648290038108825684e-01 -8.615093527453154820e-09 5.095670372247695923e-02 -4.994741976261138916e-01
9.776689410209655762e-01 4.477196569041552721e-08 2.132923156023025513e-02 -2.090658098459243774e-01
1.000000000000000000e+00 0.000000000000000000e+00 0.000000000000000000e+00 0.000000000000000000e+00
8.960872888565063477e-01 -1.805563829839229584e-02 4.445829614996910095e-02 -4.412766098976135254e-01
8.425854444503784180e-01 6.410828490288622561e-08 5.466106161475181580e-02 -5.357816219329833984e-01
9.877976775169372559e-01 5.091268562296136224e-08 1.580708101391792297e-02 -1.549390256404876709e-01
1.000000000000000000e+00 0.000000000000000000e+00 0.000000000000000000e+00 0.000000000000000000e+00
8.602612018585205078e-01 -2.597965113818645477e-02 4.254565387964248657e-02 -5.074107050895690918e-01
8.080810308456420898e-01 -5.532054814239018015e-08 5.978728085756301880e-02 -5.860294699668884277e-01
9.746339321136474609e-01 -3.177242291485526948e-08 2.271488122642040253e-02 -2.226498872041702271e-01
1.000000000000000000e+00 0.000000000000000000e+00 0.000000000000000000e+00 0.000000000000000000e+00
8.035311698913574219e-01 -6.955408304929733276e-02 -2.129795961081981659e-03 -5.911813378334045410e-01
8.470049500465393066e-01 -1.341448552238944103e-07 5.395273864269256592e-02 -5.288400053977966309e-01
9.924292564392089844e-01 -5.454607787669374375e-08 1.246524415910243988e-02 -1.221832633018493652e-01
1.000000000000000000e+00 0.000000000000000000e+00 0.000000000000000000e+00 0.000000000000000000e+00
9.322310686111450195e-01 -3.433476686477661133e-01 -9.999162703752517700e-02 -5.531091988086700439e-02
6.595399379730224609e-01 1.240003854036331177e-01 5.507313013076782227e-01 4.963124394416809082e-01
6.532405018806457520e-01 -2.194443453618077911e-07 7.571505308151245117e-01 3.439703277763328515e-07
8.754823803901672363e-01 -3.878029286861419678e-01 -2.395330369472503662e-01 -1.605105400085449219e-01
8.439412713050842285e-01 -4.486231878399848938e-02 -5.426385439932346344e-03 5.345290303230285645e-01
7.510454058647155762e-01 -3.397695707008097088e-07 -5.330183357000350952e-02 6.580954790115356445e-01
8.666338920593261719e-01 1.923612131804475212e-07 -4.027961939573287964e-02 4.973160922527313232e-01
1.000000000000000000e+00 0.000000000000000000e+00 0.000000000000000000e+00 0.000000000000000000e+00
8.777537941932678223e-01 -3.652982041239738464e-02 -5.752239376306533813e-03 4.776829481124877930e-01
6.447018384933471680e-01 2.889157579843981694e-09 -6.171256676316261292e-02 7.619390487670898438e-01
9.045260548591613770e-01 -1.348808638113041525e-07 -3.442461416125297546e-02 4.250265359878540039e-01
1.000000000000000000e+00 0.000000000000000000e+00 0.000000000000000000e+00 0.000000000000000000e+00
8.989759683609008789e-01 -5.109825287945568562e-04 -6.915491074323654175e-02 4.325041174888610840e-01
5.693288445472717285e-01 -1.962990481274573540e-08 -6.636895239353179932e-02 8.194265365600585938e-01
9.865272045135498047e-01 5.853883067175047472e-06 -1.320727076381444931e-02 1.630634069442749023e-01
1.000000000000000000e+00 0.000000000000000000e+00 0.000000000000000000e+00 0.000000000000000000e+00
9.940301775932312012e-01 -6.337063387036323547e-03 1.523294113576412201e-02 1.078507304191589355e-01
9.572566747665405273e-01 -2.286333611323243531e-08 -2.335030212998390198e-02 2.882957160472869873e-01
9.648612737655639648e-01 1.271703808924939949e-07 -2.121252752840518951e-02 2.619025409221649170e-01
1.000000000000000000e+00 0.000000000000000000e+00 0.000000000000000000e+00 0.000000000000000000e+00
9.921348094940185547e-01 6.868104636669158936e-02 -4.870186746120452881e-02 9.262637048959732056e-02
9.528608918190002441e-01 2.068354189395904541e-01 -1.248365119099617004e-01 -1.835515350103378296e-01
8.713740706443786621e-01 1.127817854285240173e-01 -4.059116840362548828e-01 -2.514427304267883301e-01
1.000000000000000000e+00 0.000000000000000000e+00 0.000000000000000000e+00 0.000000000000000000e+00
9.036504626274108887e-01 -7.590588182210922241e-02 3.950265944004058838e-01 1.469969600439071655e-01
9.818066954612731934e-01 1.897321939468383789e-01 6.423924583941698074e-03 -4.027014132589101791e-03
9.994069337844848633e-01 2.675232663750648499e-02 1.119010150432586670e-02 -1.857191696763038635e-02
9.999984502792358398e-01 -1.778150675818324089e-03 2.645430363656942063e-08 -6.705714622512459755e-05
1.000000000000000000e+00 0.000000000000000000e+00 0.000000000000000000e+00 0.000000000000000000e+00
9.973201751708984375e-01 3.217867016792297363e-02 4.646945744752883911e-02 -4.645033553242683411e-02
9.635682106018066406e-01 2.672283351421356201e-01 -6.789512932300567627e-03 8.913923986256122589e-03
9.713169932365417480e-01 -1.801240146160125732e-01 -1.424262225627899170e-01 6.175355613231658936e-02
9.999993443489074707e-01 -1.154687604866921902e-03 -3.461371989033068530e-07 -7.093470699714998773e-09
1.000000000000000000e+00 0.000000000000000000e+00 0.000000000000000000e+00 0.000000000000000000e+00
#New slice
