#Array shape: (13, 67, 4)
9.332227110862731934e-01 -1.113045662641525269e-01 -3.405690789222717285e-01 -2.682393230497837067e-02
9.975674152374267578e-01 6.968315690755844116e-02 -2.201001370849553496e-05 -1.924967975355684757e-03
9.897369742393493652e-01 1.427491158246994019e-01 -1.548739382997155190e-04 -6.599641870707273483e-03
9.897369742393493652e-01 1.427531242370605469e-01 -7.680539274588227272e-04 -6.468510720878839493e-03
9.978364706039428711e-01 3.676119027659296989e-03 6.521193683147430420e-02 7.502440363168716431e-03
9.763828516006469727e-01 -4.013531282544136047e-02 1.921972483396530151e-01 9.014370292425155640e-02
1.000000000000000000e+00 0.000000000000000000e+00 0.000000000000000000e+00 0.000000000000000000e+00
1.000000000000000000e+00 0.000000000000000000e+00 0.000000000000000000e+00 0.000000000000000000e+00
1.000000000000000000e+00 0.000000000000000000e+00 0.000000000000000000e+00 0.000000000000000000e+00
9.456235170364379883e-01 -3.222495913505554199e-01 -3.548701107501983643e-02 2.630664594471454620e-02
8.121924400329589844e-01 -2.751959264278411865e-01 -2.309359163045883179e-01 -4.596515297889709473e-01
8.434126377105712891e-01 1.895552159680846671e-08 -5.372665524482727051e-01 1.488057055354374825e-08
4.869438111782073975e-01 -8.272041082382202148e-01 2.467007637023925781e-01 1.332587003707885742e-01
9.952203631401062012e-01 4.320440441370010376e-02 8.212213218212127686e-02 3.042981401085853577e-02
9.834712147712707520e-01 1.678904742002487183e-01 -2.392851747572422028e-02 6.343990564346313477e-02
9.955748915672302246e-01 -4.053440690040588379e-02 -8.319438993930816650e-02 1.631684042513370514e-02
1.000000000000000000e+00 0.000000000000000000e+00 0.000000000000000000e+00 0.000000000000000000e+00
9.484407305717468262e-01 -1.257995981723070145e-02 3.184450045228004456e-02 -3.150998353958129883e-01
8.648290038108825684e-01 -2.261461418129329104e-08 5.095696076750755310e-02 -4.994738996028900146e-01
9.776689410209655762e-01 3.024489103609084850e-08 2.132914774119853973e-02 -2.090658694505691528e-01
1.000000000000000000e+00 0.000000000000000000e+00 0.000000000000000000e+00 0.000000000000000000e+00
8.960873484611511230e-01 -1.805564202368259430e-02 4.445826262235641479e-02 -4.412764906883239746e-01
8.425854444503784180e-01 -3.979135243525888654e-08 5.466099083423614502e-02 -5.357816815376281738e-01
9.877976775169372559e-01 5.421257665005896342e-09 1.580706983804702759e-02 -1.549389064311981201e-01
1.000000000000000000e+00 0.000000000000000000e+00 0.000000000000000000e+00 0.000000000000000000e+00
8.602611422538757324e-01 -2.597969770431518555e-02 4.254576563835144043e-02 -5.074108242988586426e-01
8.080809712409973145e-01 -2.766027407119509007e-08 5.978725105524063110e-02 -5.860295295715332031e-01
9.746338129043579102e-01 2.341125693305912137e-08 2.271498925983905792e-02 -2.226497828960418701e-01
1.000000000000000000e+00 0.000000000000000000e+00 0.000000000000000000e+00 0.000000000000000000e+00
8.035313487052917480e-01 -6.955414265394210815e-02 -2.129628555849194527e-03 -5.911810994148254395e-01
8.470049500465393066e-01 -7.257016676476268913e-08 5.395277589559555054e-02 -5.288399457931518555e-01
9.924292564392089844e-01 -4.164270706041861558e-09 1.246526278555393219e-02 -1.221832707524299622e-01
1.000000000000000000e+00 0.000000000000000000e+00 0.000000000000000000e+00 0.000000000000000000e+00
9.322687387466430664e-01 -3.432516157627105713e-01 -1.003576889634132385e-01 -5.460703745484352112e-02
6.593506932258605957e-01 1.235919743776321411e-01 5.519474744796752930e-01 4.953137040138244629e-01
6.531366705894470215e-01 1.739408332923630951e-07 7.572401165962219238e-01 -2.016652302927468554e-07
8.748452663421630859e-01 -3.889117836952209473e-01 -2.404107898473739624e-01 -1.599875688552856445e-01
8.438882827758789062e-01 -4.484058916568756104e-02 -5.482103209942579269e-03 5.346137285232543945e-01
7.510644793510437012e-01 -3.720010610663848638e-08 -5.330010876059532166e-02 6.580739617347717285e-01
8.665940761566162109e-01 3.868894538072709111e-08 -4.028524458408355713e-02 4.973849654197692871e-01
1.000000000000000000e+00 0.000000000000000000e+00 0.000000000000000000e+00 0.000000000000000000e+00
8.778552412986755371e-01 -3.649705275893211365e-02 -5.767537280917167664e-03 4.774985611438751221e-01
6.450126767158508301e-01 -8.663294970290280617e-09 -6.169141083955764771e-02 7.616776227951049805e-01
9.045471549034118652e-01 2.007721811025930947e-08 -3.442098945379257202e-02 4.249819219112396240e-01
1.000000000000000000e+00 0.000000000000000000e+00 0.000000000000000000e+00 0.000000000000000000e+00
8.987730145454406738e-01 -5.356736946851015091e-04 -6.913294643163681030e-02 4.329289495944976807e-01
5.694785118103027344e-01 3.924949254496823414e-08 -6.636043637990951538e-02 8.193232417106628418e-01
9.865034818649291992e-01 5.660726856149267405e-06 -1.321873906999826431e-02 1.632057875394821167e-01
1.000000000000000000e+00 0.000000000000000000e+00 0.000000000000000000e+00 0.000000000000000000e+00
9.939914345741271973e-01 -6.389431189745664597e-03 1.552431471645832062e-02 1.081630885601043701e-01
9.588575363159179688e-01 -1.966849261236802704e-08 -2.291818894445896149e-02 2.829612493515014648e-01
9.662647843360900879e-01 -3.542104209941498993e-08 -2.079199440777301788e-02 2.567099928855895996e-01
1.000000000000000000e+00 0.000000000000000000e+00 0.000000000000000000e+00 0.000000000000000000e+00
9.921103119850158691e-01 6.852961331605911255e-02 -4.944360628724098206e-02 9.260737150907516479e-02
9.527314305305480957e-01 2.076598703861236572e-01 -1.236682534217834473e-01 -1.840824037790298462e-01
8.713622093200683594e-01 1.127527356147766113e-01 -4.059427082538604736e-01 -2.514463365077972412e-01
1.000000000000000000e+00 0.000000000000000000e+00 0.000000000000000000e+00 0.000000000000000000e+00
9.038339853286743164e-01 -7.341952621936798096e-02 3.955884873867034912e-01 1.456140130758285522e-01
9.823643565177917480e-01 1.867792010307312012e-01 7.478184066712856293e-03 -4.226860124617815018e-03
9.994412660598754883e-01 2.525852620601654053e-02 1.119634415954351425e-02 -1.881400123238563538e-02
1.000000000000000000e+00 -4.365178369880595710e-07 -7.290367420864640735e-09 -4.570357248212530976e-08
1.000000000000000000e+00 0.000000000000000000e+00 0.000000000000000000e+00 0.000000000000000000e+00
9.972491860389709473e-01 3.273078799247741699e-02 4.656803607940673828e-02 -4.747924208641052246e-02
9.640976190567016602e-01 2.653674781322479248e-01 -5.171387922018766403e-03 8.315512910485267639e-03
9.714140892028808594e-01 -1.793990135192871094e-01 -1.424165815114974976e-01 6.235476210713386536e-02
1.000000000000000000e+00 -1.789002708392217755e-04 -6.376930627993715461e-08 1.340291433393758780e-08
1.000000000000000000e+00 0.000000000000000000e+00 0.000000000000000000e+00 0.000000000000000000e+00
#New slice
9.332146644592285156e-01 -1.113413795828819275e-01 -3.405868411064147949e-01 -2.672174200415611267e-02
9.974928498268127441e-01 7.060579210519790649e-02 4.469069186598062515e-03 -1.762047759257256985e-03
9.905990958213806152e-01 1.354087442159652710e-01 -1.324745942838490009e-03 1.939561404287815094e-02
9.905372858047485352e-01 1.350809186697006226e-01 -3.659268259070813656e-04 2.427166700363159180e-02
9.954897761344909668e-01 -2.279420010745525360e-02 8.436034619808197021e-02 3.693291917443275452e-02
9.698230624198913574e-01 -4.054467007517814636e-02 2.402427345514297485e-01 -9.109562262892723083e-03
1.000000000000000000e+00 0.000000000000000000e+00 0.000000000000000000e+00 0.000000000000000000e+00
1.000000000000000000e+00 0.000000000000000000e+00 0.000000000000000000e+00 0.000000000000000000e+00
1.000000000000000000e+00 0.000000000000000000e+00 0.000000000000000000e+00 0.000000000000000000e+00
9.463770389556884766e-01 -3.206257820129394531e-01 -2.948859892785549164e-02 2.645859494805335999e-02
7.978105545043945312e-01 -2.566170990467071533e-01 -1.323578357696533203e-01 -5.292706489562988281e-01
8.242918848991394043e-01 1.253475900853118219e-08 -5.661652684211730957e-01 5.515881085216278734e-08
5.037881731986999512e-01 -8.233897686004638672e-01 2.242353409528732300e-01 1.339596211910247803e-01
9.964529871940612793e-01 4.068635776638984680e-02 6.926713883876800537e-02 2.506278827786445618e-02
9.836958646774291992e-01 1.669781804084777832e-01 -3.650911897420883179e-02 5.592740327119827271e-02
9.955748915672302246e-01 -4.053440690040588379e-02 -8.319438993930816650e-02 1.631684042513370514e-02
1.000000000000000000e+00 0.000000000000000000e+00 0.000000000000000000e+00 0.000000000000000000e+00
9.656751751899719238e-01 -1.017390191555023193e-02 2.609964273869991302e-02 -2.582378387451171875e-01
8.932901620864868164e-01 3.231985346019428107e-08 4.561966657638549805e-02 -4.471596777439117432e-01
9.884812831878662109e-01 -5.217295040438330034e-08 1.536041591316461563e-02 -1.505617052316665649e-01
1.000000000000000000e+00 0.000000000000000000e+00 0.000000000000000000e+00 0.000000000000000000e+00
9.189996719360351562e-01 -1.592565327882766724e-02 3.947437554597854614e-02 -3.919537365436553955e-01
8.707749247550964355e-01 -9.197984951470061787e-08 4.990281537175178528e-02 -4.891428947448730469e-01
9.948362112045288086e-01 7.266918089499085909e-08 1.030104700475931168e-02 -1.009705290198326111e-01
1.000000000000000000e+00 0.000000000000000000e+00 0.000000000000000000e+00 0.000000000000000000e+00
8.798208236694335938e-01 -2.413682453334331512e-02 3.888469189405441284e-02 -4.730971455574035645e-01
8.308738470077514648e-01 -6.725373147276059171e-09 5.647749826312065125e-02 -5.535875558853149414e-01
9.827650785446166992e-01 7.344328700753521844e-09 1.876217499375343323e-02 -1.839042603969573975e-01
1.000000000000000000e+00 0.000000000000000000e+00 0.000000000000000000e+00 0.000000000000000000e+00
8.159528970718383789e-01 -6.744885444641113281e-02 -4.761748481541872025e-03 -5.741505622863769531e-01
8.655455708503723145e-01 3.012785398937012360e-08 5.083141475915908813e-02 -4.982439279556274414e-01
9.948663115501403809e-01 -4.592881097664758272e-08 1.027099508792161942e-02 -1.006763353943824768e-01
1.000000000000000000e+00 0.000000000000000000e+00 0.000000000000000000e+00 0.000000000000000000e+00
9.322597980499267578e-01 -3.408517539501190186e-01 -1.046396642923355103e-01 -6.133966147899627686e-02
6.495437026023864746e-01 1.524742841720581055e-01 5.517327785491943359e-01 5.004353523254394531e-01
6.691089272499084473e-01 7.923648581709130667e-08 7.431643605232238770e-01 -1.088190302311886626e-07
8.885597586631774902e-01 -3.750656247138977051e-01 -2.455664277076721191e-01 -9.738948941230773926e-02
8.438882827758789062e-01 -4.484058916568756104e-02 -5.482103209942579269e-03 5.346137285232543945e-01
7.510644793510437012e-01 -3.720010610663848638e-08 -5.330010876059532166e-02 6.580739617347717285e-01
8.665940761566162109e-01 3.868894538072709111e-08 -4.028524458408355713e-02 4.973849654197692871e-01
1.000000000000000000e+00 0.000000000000000000e+00 0.000000000000000000e+00 0.000000000000000000e+00
8.778552412986755371e-01 -3.649705275893211365e-02 -5.767537280917167664e-03 4.774985611438751221e-01
6.450126767158508301e-01 -8.663294970290280617e-09 -6.169141083955764771e-02 7.616776227951049805e-01
9.045471549034118652e-01 2.007721811025930947e-08 -3.442098945379257202e-02 4.249819219112396240e-01
1.000000000000000000e+00 0.000000000000000000e+00 0.000000000000000000e+00 0.000000000000000000e+00
8.987730145454406738e-01 -5.356736946851015091e-04 -6.913294643163681030e-02 4.329289495944976807e-01
5.694785118103027344e-01 3.924949254496823414e-08 -6.636043637990951538e-02 8.193232417106628418e-01
9.865034818649291992e-01 5.660726856149267405e-06 -1.321873906999826431e-02 1.632057875394821167e-01
1.000000000000000000e+00 0.000000000000000000e+00 0.000000000000000000e+00 0.000000000000000000e+00
9.939914345741271973e-01 -6.389431189745664597e-03 1.552431471645832062e-02 1.081630885601043701e-01
9.588575363159179688e-01 -1.966849261236802704e-08 -2.291818894445896149e-02 2.829612493515014648e-01
9.662647843360900879e-01 -3.542104209941498993e-08 -2.079199440777301788e-02 2.567099928855895996e-01
1.000000000000000000e+00 0.000000000000000000e+00 0.000000000000000000e+00 0.000000000000000000e+00
9.921103119850158691e-01 6.852961331605911255e-02 -4.944360628724098206e-02 9.260737150907516479e-02
9.527314305305480957e-01 2.076598703861236572e-01 -1.236682534217834473e-01 -1.840824037790298462e-01
8.713622093200683594e-01 1.127527356147766113e-01 -4.059427082538604736e-01 -2.514463365077972412e-01
1.000000000000000000e+00 0.000000000000000000e+00 0.000000000000000000e+00 0.000000000000000000e+00
9.037384390830993652e-01 -7.085256278514862061e-02 3.953110575675964355e-01 1.482092291116714478e-01
9.830097556114196777e-01 1.833693236112594604e-01 6.976763252168893814e-03 -4.338955041021108627e-03
9.993076920509338379e-01 2.765016816556453705e-02 1.118308492004871368e-02 -2.223985828459262848e-02
1.000000000000000000e+00 -6.142003599052259233e-07 2.187116265872646181e-08 -2.593853309917903971e-08
1.000000000000000000e+00 0.000000000000000000e+00 0.000000000000000000e+00 0.000000000000000000e+00
9.973250031471252441e-01 3.546416014432907104e-02 4.550581425428390503e-02 -4.488182812929153442e-02
9.643701910972595215e-01 2.643747627735137939e-01 -5.225773900747299194e-03 8.298878557980060577e-03
9.712062478065490723e-01 -1.814463734626770020e-01 -1.423918753862380981e-01 5.966743826866149902e-02
1.000000000000000000e+00 -1.789002708392217755e-04 -6.376930627993715461e-08 1.340291433393758780e-08
1.000000000000000000e+00 0.000000000000000000e+00 0.000000000000000000e+00 0.000000000000000000e+00
#New slice
9.331717491149902344e-01 -1.115973591804504395e-01 -3.406756222248077393e-01 -2.601235918700695038e-02
9.978939294815063477e-01 6.373866647481918335e-02 -3.359680064022541046e-03 1.156910602003335953e-02
9.910081624984741211e-01 1.278751194477081299e-01 -4.766640719026327133e-03 3.909135609865188599e-02
9.899069070816040039e-01 1.280843019485473633e-01 1.281008357182145119e-03 6.064028665423393250e-02
9.920475482940673828e-01 -7.215269654989242554e-02 1.011895090341567993e-01 1.991426758468151093e-02
9.696040153503417969e-01 -6.818441301584243774e-02 2.334198951721191406e-01 -2.709415182471275330e-02
1.000000000000000000e+00 0.000000000000000000e+00 0.000000000000000000e+00 0.000000000000000000e+00
1.000000000000000000e+00 0.000000000000000000e+00 0.000000000000000000e+00 0.000000000000000000e+00
1.000000000000000000e+00 0.000000000000000000e+00 0.000000000000000000e+00 0.000000000000000000e+00
9.467684030532836914e-01 -3.139274418354034424e-01 -1.740280538797378540e-02 6.911060214042663574e-02
7.456550598144531250e-01 -2.776946723461151123e-01 -4.047566652297973633e-02 -6.043557524681091309e-01
8.693329095840454102e-01 -2.970284462833205907e-08 -4.942269921302795410e-01 8.980436660976920393e-08
5.183708071708679199e-01 -8.321706056594848633e-01 1.897879093885421753e-01 5.257741361856460571e-02
9.976621866226196289e-01 3.767069429159164429e-02 5.386450886726379395e-02 1.869980618357658386e-02
9.836908578872680664e-01 1.658419966697692871e-01 -5.153411999344825745e-02 4.683082550764083862e-02
9.955748915672302246e-01 -4.053440690040588379e-02 -8.319438993930816650e-02 1.631684042513370514e-02
1.000000000000000000e+00 0.000000000000000000e+00 0.000000000000000000e+00 0.000000000000000000e+00
9.746556282043457031e-01 -8.639933541417121887e-03 2.255522646009922028e-02 -2.224027961492538452e-01
9.093801379203796387e-01 -3.482038479774018924e-08 4.221812263131141663e-02 -4.138180315494537354e-01
9.934237003326416016e-01 6.714756040082647814e-08 1.162063982337713242e-02 -1.139047518372535706e-01
1.000000000000000000e+00 0.000000000000000000e+00 0.000000000000000000e+00 0.000000000000000000e+00
9.316440224647521973e-01 -1.456937007606029510e-02 3.644651547074317932e-02 -3.612461984157562256e-01
8.867111802101135254e-01 1.985088005085344776e-07 4.692308977246284485e-02 -4.599364399909973145e-01
9.976709485054016113e-01 5.675368441870887182e-08 6.922898814082145691e-03 -6.785842031240463257e-02
1.000000000000000000e+00 0.000000000000000000e+00 0.000000000000000000e+00 0.000000000000000000e+00
8.992530703544616699e-01 -2.205131575465202332e-02 3.501961380243301392e-02 -4.354667663574218750e-01
8.538522720336914062e-01 8.616769520131128957e-08 5.282931029796600342e-02 -5.178275704383850098e-01
9.897554516792297363e-01 -1.235013069589285806e-08 1.449057273566722870e-02 -1.420360356569290161e-01
1.000000000000000000e+00 0.000000000000000000e+00 0.000000000000000000e+00 0.000000000000000000e+00
8.354682922363281250e-01 -6.373129785060882568e-02 -8.749968372285366058e-03 -5.457605123519897461e-01
8.876794576644897461e-01 9.547404999921127455e-08 4.673417285084724426e-02 -4.580841958522796631e-01
9.978346824645996094e-01 -3.072742060794553254e-08 6.675370503216981888e-03 -6.543281674385070801e-02
1.000000000000000000e+00 0.000000000000000000e+00 0.000000000000000000e+00 0.000000000000000000e+00
9.311143755912780762e-01 -3.307943046092987061e-01 -1.244142055511474609e-01 -9.012328088283538818e-02
5.945910215377807617e-01 1.532886773347854614e-01 6.030417084693908691e-01 5.092198252677917480e-01
7.299166321754455566e-01 1.479848350527390721e-07 6.835362315177917480e-01 -1.306920722754512099e-07
8.980223536491394043e-01 -3.598609864711761475e-01 -2.466101944446563721e-01 -5.691528692841529846e-02
8.438882827758789062e-01 -4.484058916568756104e-02 -5.482103209942579269e-03 5.346137285232543945e-01
7.510644793510437012e-01 -3.720010610663848638e-08 -5.330010876059532166e-02 6.580739617347717285e-01
8.665940761566162109e-01 3.868894538072709111e-08 -4.028524458408355713e-02 4.973849654197692871e-01
1.000000000000000000e+00 0.000000000000000000e+00 0.000000000000000000e+00 0.000000000000000000e+00
8.778552412986755371e-01 -3.649705275893211365e-02 -5.767537280917167664e-03 4.774985611438751221e-01
6.450126767158508301e-01 -8.663294970290280617e-09 -6.169141083955764771e-02 7.616776227951049805e-01
9.045471549034118652e-01 2.007721811025930947e-08 -3.442098945379257202e-02 4.249819219112396240e-01
1.000000000000000000e+00 0.000000000000000000e+00 0.000000000000000000e+00 0.000000000000000000e+00
8.987730145454406738e-01 -5.356736946851015091e-04 -6.913294643163681030e-02 4.329289495944976807e-01
5.694785118103027344e-01 3.924949254496823414e-08 -6.636043637990951538e-02 8.193232417106628418e-01
9.865034818649291992e-01 5.660726856149267405e-06 -1.321873906999826431e-02 1.632057875394821167e-01
1.000000000000000000e+00 0.000000000000000000e+00 0.000000000000000000e+00 0.000000000000000000e+00
9.939914345741271973e-01 -6.389431189745664597e-03 1.552431471645832062e-02 1.081630885601043701e-01
9.588575363159179688e-01 -1.966849261236802704e-08 -2.291818894445896149e-02 2.829612493515014648e-01
9.662647843360900879e-01 -3.542104209941498993e-08 -2.079199440777301788e-02 2.567099928855895996e-01
1.000000000000000000e+00 0.000000000000000000e+00 0.000000000000000000e+00 0.000000000000000000e+00
9.921103119850158691e-01 6.852961331605911255e-02 -4.944360628724098206e-02 9.260737150907516479e-02
9.527314305305480957e-01 2.076598703861236572e-01 -1.236682534217834473e-01 -1.840824037790298462e-01
8.713622093200683594e-01 1.127527356147766113e-01 -4.059427082538604736e-01 -2.514463365077972412e-01
1.000000000000000000e+00 0.000000000000000000e+00 0.000000000000000000e+00 0.000000000000000000e+00
9.032236337661743164e-01 -7.087638229131698608e-02 3.943060934543609619e-01 1.539035886526107788e-01
9.851168990135192871e-01 1.717159301042556763e-01 6.213834509253501892e-03 -4.441060125827789307e-03
9.981902837753295898e-01 5.221319943666458130e-02 1.113781798630952835e-02 -2.767566591501235962e-02
9.996832013130187988e-01 -2.517017535865306854e-02 -4.142013310115544300e-08 -4.802751085719592083e-09
1.000000000000000000e+00 0.000000000000000000e+00 0.000000000000000000e+00 0.000000000000000000e+00
9.979357719421386719e-01 3.192057833075523376e-02 4.248592257499694824e-02 -3.605872020125389099e-02
9.630702137947082520e-01 2.690686881542205811e-01 -5.616088863462209702e-03 8.149279281497001648e-03
9.712651968002319336e-01 -1.839942485094070435e-01 -1.424199789762496948e-01 5.006582289934158325e-02
1.000000000000000000e+00 -1.789002708392217755e-04 -6.376930627993715461e-08 1.340291433393758780e-08
1.000000000000000000e+00 0.000000000000000000e+00 0.000000000000000000e+00 0.000000000000000000e+00
#New slice
9.331604242324829102e-01 -1.116320788860321045e-01 -3.407026529312133789e-01 -2.591555565595626831e-02
9.981455206871032715e-01 5.724221095442771912e-02 -1.201840303838253021e-02 1.686475798487663269e-02
9.907488226890563965e-01 1.296473294496536255e-01 -8.222640492022037506e-03 3.925288468599319458e-02
9.894967079162597656e-01 1.317830234766006470e-01 -8.041014894843101501e-03 5.886342748999595642e-02
9.917430877685546875e-01 -8.034022897481918335e-02 9.694950282573699951e-02 2.432842738926410675e-02
9.661435484886169434e-01 -1.195808500051498413e-01 2.279970943927764893e-01 -1.686869002878665924e-02
1.000000000000000000e+00 0.000000000000000000e+00 0.000000000000000000e+00 0.000000000000000000e+00
1.000000000000000000e+00 0.000000000000000000e+00 0.000000000000000000e+00 0.000000000000000000e+00
1.000000000000000000e+00 0.000000000000000000e+00 0.000000000000000000e+00 0.000000000000000000e+00
9.303739666938781738e-01 -3.100205063819885254e-01 -6.451474968343973160e-03 1.955764889717102051e-01
7.108869552612304688e-01 -2.529583573341369629e-01 3.177223354578018188e-02 -6.554711461067199707e-01
8.793355822563171387e-01 -4.565664823985571275e-08 -4.762026667594909668e-01 -2.489392869620132842e-08
4.680170714855194092e-01 -8.690688014030456543e-01 1.594594269990921021e-01 1.588496938347816467e-02
9.978076219558715820e-01 3.725066035985946655e-02 5.171881243586540222e-02 1.781865395605564117e-02
9.836664199829101562e-01 1.656799167394638062e-01 -5.362269282341003418e-02 4.555455222725868225e-02
9.955748915672302246e-01 -4.053440690040588379e-02 -8.319438993930816650e-02 1.631684042513370514e-02
1.000000000000000000e+00 0.000000000000000000e+00 0.000000000000000000e+00 0.000000000000000000e+00
9.750056862831115723e-01 -8.578476496040821075e-03 2.239076979458332062e-02 -2.208822816610336304e-01
9.100329279899597168e-01 6.345046443811952486e-08 4.207305982708930969e-02 -4.123956561088562012e-01
9.936024546623229980e-01 -3.936740355925394397e-08 1.146216038614511490e-02 -1.123515293002128601e-01
1.000000000000000000e+00 0.000000000000000000e+00 0.000000000000000000e+00 0.000000000000000000e+00
9.317500591278076172e-01 -1.456093136221170425e-02 3.641101345419883728e-02 -3.609765470027923584e-01
8.868462443351745605e-01 -1.680241901169665653e-08 4.689686745405197144e-02 -4.596786499023437500e-01
9.976908564567565918e-01 3.572012374775113130e-08 6.893323268741369247e-03 -6.756830215454101562e-02
1.000000000000000000e+00 0.000000000000000000e+00 0.000000000000000000e+00 0.000000000000000000e+00
9.008227586746215820e-01 -2.187423408031463623e-02 3.468679264187812805e-02 -4.322461485862731934e-01
8.557255268096923828e-01 -9.903920528131493484e-08 5.251610651612281799e-02 -5.147582888603210449e-01
9.902644753456115723e-01 2.727388626055926579e-08 1.412792410701513290e-02 -1.384805887937545776e-01
1.000000000000000000e+00 0.000000000000000000e+00 0.000000000000000000e+00 0.000000000000000000e+00
8.406996130943298340e-01 -6.264247745275497437e-02 -9.784721769392490387e-03 -5.377772450447082520e-01
8.937724828720092773e-01 1.667221205536861817e-08 4.552229866385459900e-02 -4.462047219276428223e-01
9.984341859817504883e-01 -5.975643313504974685e-10 5.677704233676195145e-03 -5.565192550420761108e-02
1.000000000000000000e+00 0.000000000000000000e+00 0.000000000000000000e+00 0.000000000000000000e+00
9.306340217590332031e-01 -3.281536698341369629e-01 -1.320841461420059204e-01 -9.375122934579849243e-02
5.581306219100952148e-01 1.444223821163177490e-01 6.316483616828918457e-01 5.183172225952148438e-01
7.436341643333435059e-01 5.652356662722013425e-07 6.685867905616760254e-01 -4.737100880447542295e-07
8.963987231254577637e-01 -3.553172051906585693e-01 -2.599762976169586182e-01 -5.129691585898399353e-02
8.438882827758789062e-01 -4.484058916568756104e-02 -5.482103209942579269e-03 5.346137285232543945e-01
7.510644793510437012e-01 -3.720010610663848638e-08 -5.330010876059532166e-02 6.580739617347717285e-01
8.665940761566162109e-01 3.868894538072709111e-08 -4.028524458408355713e-02 4.973849654197692871e-01
1.000000000000000000e+00 0.000000000000000000e+00 0.000000000000000000e+00 0.000000000000000000e+00
8.778552412986755371e-01 -3.649705275893211365e-02 -5.767537280917167664e-03 4.774985611438751221e-01
6.450126767158508301e-01 -8.663294970290280617e-09 -6.169141083955764771e-02 7.616776227951049805e-01
9.045471549034118652e-01 2.007721811025930947e-08 -3.442098945379257202e-02 4.249819219112396240e-01
1.000000000000000000e+00 0.000000000000000000e+00 0.000000000000000000e+00 0.000000000000000000e+00
8.987730145454406738e-01 -5.356736946851015091e-04 -6.913294643163681030e-02 4.329289495944976807e-01
5.694785118103027344e-01 3.924949254496823414e-08 -6.636043637990951538e-02 8.193232417106628418e-01
9.865034818649291992e-01 5.660726856149267405e-06 -1.321873906999826431e-02 1.632057875394821167e-01
1.000000000000000000e+00 0.000000000000000000e+00 0.000000000000000000e+00 0.000000000000000000e+00
9.939914345741271973e-01 -6.389431189745664597e-03 1.552431471645832062e-02 1.081630885601043701e-01
9.588575363159179688e-01 -1.966849261236802704e-08 -2.291818894445896149e-02 2.829612493515014648e-01
9.662647843360900879e-01 -3.542104209941498993e-08 -2.079199440777301788e-02 2.567099928855895996e-01
1.000000000000000000e+00 0.000000000000000000e+00 0.000000000000000000e+00 0.000000000000000000e+00
9.921103119850158691e-01 6.852961331605911255e-02 -4.944360628724098206e-02 9.260737150907516479e-02
9.527314305305480957e-01 2.076598703861236572e-01 -1.236682534217834473e-01 -1.840824037790298462e-01
8.713622093200683594e-01 1.127527356147766113e-01 -4.059427082538604736e-01 -2.514463365077972412e-01
1.000000000000000000e+00 0.000000000000000000e+00 0.000000000000000000e+00 0.000000000000000000e+00
9.020290970802307129e-01 -8.306389302015304565e-02 3.918792307376861572e-01 1.608557403087615967e-01
9.817600846290588379e-01 1.899896115064620972e-01 5.600838456302881241e-03 -4.447455517947673798e-03
9.978028535842895508e-01 5.831215903162956238e-02 1.110055297613143921e-02 -2.942783199250698090e-02
9.992045164108276367e-01 -3.987933322787284851e-02 2.457429637559016555e-08 -1.702110896673048046e-09
1.000000000000000000e+00 0.000000000000000000e+00 0.000000000000000000e+00 0.000000000000000000e+00
9.983175992965698242e-01 2.372247166931629181e-02 4.150599613785743713e-02 -3.281111270189285278e-02
9.590593576431274414e-01 2.830350995063781738e-01 -5.439747124910354614e-03 8.177064359188079834e-03
9.701392054557800293e-01 -1.905674636363983154e-01 -1.422639191150665283e-01 4.769860580563545227e-02
1.000000000000000000e+00 -1.789002708392217755e-04 -6.376930627993715461e-08 1.340291433393758780e-08
1.000000000000000000e+00 0.000000000000000000e+00 0.000000000000000000e+00 0.000000000000000000e+00
#New slice
9.331648349761962891e-01 -1.114804372191429138e-01 -3.407081067562103271e-01 -2.633387595415115356e-02
9.983128905296325684e-01 5.298652127385139465e-02 -1.653170958161354065e-02 1.704486273229122162e-02
9.906188249588012695e-01 1.311170458793640137e-01 -1.273974217474460602e-02 3.633726760745048523e-02
9.896208047866821289e-01 1.354849636554718018e-01 -1.933090947568416595e-02 4.382907226681709290e-02
9.927873611450195312e-01 -7.260440289974212646e-02 8.818340301513671875e-02 3.640826046466827393e-02
9.638261198997497559e-01 -1.514621675014495850e-01 2.168216407299041748e-01 3.296709433197975159e-02
1.000000000000000000e+00 0.000000000000000000e+00 0.000000000000000000e+00 0.000000000000000000e+00
1.000000000000000000e+00 0.000000000000000000e+00 0.000000000000000000e+00 0.000000000000000000e+00
1.000000000000000000e+00 0.000000000000000000e+00 0.000000000000000000e+00 0.000000000000000000e+00
9.211201667785644531e-01 -3.099620342254638672e-01 -1.005037873983383179e-02 2.352873682975769043e-01
7.159787416458129883e-01 -2.447413057088851929e-01 7.493510842323303223e-02 -6.495081186294555664e-01
8.545745611190795898e-01 -2.052600791557779303e-07 -5.193287134170532227e-01 -2.437859052406565752e-07
4.457167685031890869e-01 -8.759715557098388672e-01 1.806669533252716064e-01 3.701141104102134705e-02
9.976307153701782227e-01 3.775956854224205017e-02 5.431836843490600586e-02 1.888632588088512421e-02
9.836952090263366699e-01 1.658761054277420044e-01 -5.109202489256858826e-02 4.710050672292709351e-02
9.955748915672302246e-01 -4.053440690040588379e-02 -8.319438993930816650e-02 1.631684042513370514e-02
1.000000000000000000e+00 0.000000000000000000e+00 0.000000000000000000e+00 0.000000000000000000e+00
9.719306826591491699e-01 -9.140720590949058533e-03 2.365507371723651886e-02 -2.338965386152267456e-01
9.043726325035095215e-01 -1.060693861631989421e-07 4.331190139055252075e-02 -4.245402514934539795e-01
9.919928908348083496e-01 -6.630557436437811702e-09 1.281803473830223083e-02 -1.256417036056518555e-01
1.000000000000000000e+00 0.000000000000000000e+00 0.000000000000000000e+00 0.000000000000000000e+00
9.266494512557983398e-01 -1.512959040701389313e-02 3.765372186899185181e-02 -3.737300634384155273e-01
8.803779482841491699e-01 -1.999368208771556965e-07 4.813605174422264099e-02 -4.718237519264221191e-01
9.966573715209960938e-01 1.792968795655269787e-08 8.291680365800857544e-03 -8.127424865961074829e-02
1.000000000000000000e+00 0.000000000000000000e+00 0.000000000000000000e+00 0.000000000000000000e+00
8.955523967742919922e-01 -2.247915416955947876e-02 3.575770556926727295e-02 -4.429468810558319092e-01
8.494468331336975098e-01 3.946993842873780522e-08 5.355575680732727051e-02 -5.249494314193725586e-01
9.885204434394836426e-01 2.673316323864582955e-08 1.533451955765485764e-02 -1.503071188926696777e-01
1.000000000000000000e+00 0.000000000000000000e+00 0.000000000000000000e+00 0.000000000000000000e+00
8.352375030517578125e-01 -6.377837061882019043e-02 -8.703951723873615265e-03 -5.461089015007019043e-01
8.895718455314636230e-01 -1.884480305136548850e-08 4.636200517416000366e-02 -4.544364213943481445e-01
9.978063106536865234e-01 2.435513302145864145e-08 6.719187367707490921e-03 -6.586074829101562500e-02
1.000000000000000000e+00 0.000000000000000000e+00 0.000000000000000000e+00 0.000000000000000000e+00
9.316088557243347168e-01 -3.323019444942474365e-01 -1.284195035696029663e-01 -7.203362882137298584e-02
5.436602830886840820e-01 1.365275532007217407e-01 6.410796642303466797e-01 5.242238044738769531e-01
7.394848465919494629e-01 -2.011783664102040348e-07 6.731732487678527832e-01 -2.671817966870548844e-08
8.898755311965942383e-01 -3.556506931781768799e-01 -2.815304100513458252e-01 -4.873156920075416565e-02
8.438882827758789062e-01 -4.484058916568756104e-02 -5.482103209942579269e-03 5.346137285232543945e-01
7.510644793510437012e-01 -3.720010610663848638e-08 -5.330010876059532166e-02 6.580739617347717285e-01
8.665940761566162109e-01 3.868894538072709111e-08 -4.028524458408355713e-02 4.973849654197692871e-01
1.000000000000000000e+00 0.000000000000000000e+00 0.000000000000000000e+00 0.000000000000000000e+00
8.778552412986755371e-01 -3.649705275893211365e-02 -5.767537280917167664e-03 4.774985611438751221e-01
6.450126767158508301e-01 -8.663294970290280617e-09 -6.169141083955764771e-02 7.616776227951049805e-01
9.045471549034118652e-01 2.007721811025930947e-08 -3.442098945379257202e-02 4.249819219112396240e-01
1.000000000000000000e+00 0.000000000000000000e+00 0.000000000000000000e+00 0.000000000000000000e+00
8.987730145454406738e-01 -5.356736946851015091e-04 -6.913294643163681030e-02 4.329289495944976807e-01
5.694785118103027344e-01 3.924949254496823414e-08 -6.636043637990951538e-02 8.193232417106628418e-01
9.865034818649291992e-01 5.660726856149267405e-06 -1.321873906999826431e-02 1.632057875394821167e-01
1.000000000000000000e+00 0.000000000000000000e+00 0.000000000000000000e+00 0.000000000000000000e+00
9.939914345741271973e-01 -6.389431189745664597e-03 1.552431471645832062e-02 1.081630885601043701e-01
9.588575363159179688e-01 -1.966849261236802704e-08 -2.291818894445896149e-02 2.829612493515014648e-01
9.662647843360900879e-01 -3.542104209941498993e-08 -2.079199440777301788e-02 2.567099928855895996e-01
1.000000000000000000e+00 0.000000000000000000e+00 0.000000000000000000e+00 0.000000000000000000e+00
9.921103119850158691e-01 6.852961331605911255e-02 -4.944360628724098206e-02 9.260737150907516479e-02
9.527314305305480957e-01 2.076598703861236572e-01 -1.236682534217834473e-01 -1.840824037790298462e-01
8.713622093200683594e-01 1.127527356147766113e-01 -4.059427082538604736e-01 -2.514463365077972412e-01
1.000000000000000000e+00 0.000000000000000000e+00 0.000000000000000000e+00 0.000000000000000000e+00
8.994904756546020508e-01 -1.072297245264053345e-01 3.871131241321563721e-01 1.719364076852798462e-01
9.711943864822387695e-01 2.381977885961532593e-01 5.056118126958608627e-03 -4.206707235425710678e-03
9.988626241683959961e-01 3.504552319645881653e-02 1.105956267565488815e-02 -3.038084879517555237e-02
9.992489218711853027e-01 -3.875219449400901794e-02 -8.446741084355835483e-09 3.260609560129523743e-08
1.000000000000000000e+00 0.000000000000000000e+00 0.000000000000000000e+00 0.000000000000000000e+00
9.986213445663452148e-01 4.927746020257472992e-03 4.147059097886085510e-02 -3.180424869060516357e-02
9.474756717681884766e-01 3.196848034858703613e-01 -4.431506618857383728e-03 8.488141000270843506e-03
9.661515355110168457e-01 -2.096486091613769531e-01 -1.416859924793243408e-01 5.023901164531707764e-02
1.000000000000000000e+00 -1.789002708392217755e-04 -6.376930627993715461e-08 1.340291433393758780e-08
1.000000000000000000e+00 0.000000000000000000e+00 0.000000000000000000e+00 0.000000000000000000e+00
#New slice
9.331668615341186523e-01 -1.114580631256103516e-01 -3.407050967216491699e-01 -2.639564871788024902e-02
9.983891844749450684e-01 5.134155973792076111e-02 -1.872901432216167450e-02 1.524020545184612274e-02
9.903693795204162598e-01 1.340161561965942383e-01 -1.600543223321437836e-02 3.085720539093017578e-02
9.893158674240112305e-01 1.408589780330657959e-01 -2.510033547878265381e-02 2.798170223832130432e-02
9.939040541648864746e-01 -6.055559590458869934e-02 8.150787651538848877e-02 4.294414073228836060e-02
9.618093967437744141e-01 -1.553126722574234009e-01 2.063583582639694214e-01 9.064812958240509033e-02
1.000000000000000000e+00 0.000000000000000000e+00 0.000000000000000000e+00 0.000000000000000000e+00
1.000000000000000000e+00 0.000000000000000000e+00 0.000000000000000000e+00 0.000000000000000000e+00
1.000000000000000000e+00 0.000000000000000000e+00 0.000000000000000000e+00 0.000000000000000000e+00
9.185072779655456543e-01 -3.101989924907684326e-01 -1.357276178896427155e-02 2.448197007179260254e-01
7.251167893409729004e-01 -2.555503547191619873e-01 7.728631794452667236e-02 -6.347649097442626953e-01
8.380658626556396484e-01 2.012113675675664126e-08 -5.455690622329711914e-01 6.836142318888960290e-08
4.454210996627807617e-01 -8.717378973960876465e-01 1.946796476840972900e-01 6.142416596412658691e-02
9.972115159034729004e-01 3.888192027807235718e-02 6.005132198333740234e-02 2.124746888875961304e-02
9.837287068367004395e-01 1.663039624691009521e-01 -4.550525173544883728e-02 5.049804225564002991e-02
9.955748915672302246e-01 -4.053440690040588379e-02 -8.319438993930816650e-02 1.631684042513370514e-02
1.000000000000000000e+00 0.000000000000000000e+00 0.000000000000000000e+00 0.000000000000000000e+00
9.666364789009094238e-01 -1.002843398600816727e-02 2.571203000843524933e-02 -2.546613216400146484e-01
8.949603438377380371e-01 6.555968923294130946e-08 4.528121650218963623e-02 -4.438419044017791748e-01
9.890388846397399902e-01 2.601291626547208580e-08 1.498605776578187943e-02 -1.468927562236785889e-01
1.000000000000000000e+00 0.000000000000000000e+00 0.000000000000000000e+00 0.000000000000000000e+00
9.184905886650085449e-01 -1.598168909549713135e-02 3.957777097821235657e-02 -3.931326568126678467e-01
8.701397180557250977e-01 -1.273673433388466947e-07 5.001688748598098755e-02 -4.902603030204772949e-01
9.947043061256408691e-01 -1.778933622631484468e-08 1.043137814849615097e-02 -1.022475212812423706e-01
1.000000000000000000e+00 0.000000000000000000e+00 0.000000000000000000e+00 0.000000000000000000e+00
8.862819671630859375e-01 -2.348008751869201660e-02 3.761271759867668152e-02 -4.610187411308288574e-01
8.384736180305480957e-01 -4.220795801757049048e-08 5.530834197998046875e-02 -5.421282649040222168e-01
9.852225184440612793e-01 -3.048565488938947965e-08 1.738390512764453888e-02 -1.703950613737106323e-01
1.000000000000000000e+00 0.000000000000000000e+00 0.000000000000000000e+00 0.000000000000000000e+00
8.246118426322937012e-01 -6.586399674415588379e-02 -6.555052474141120911e-03 -5.618133544921875000e-01
8.799463510513305664e-01 -9.313793469800657476e-08 4.821700602769851685e-02 -4.726198911666870117e-01
9.963198900222778320e-01 5.681604164919917821e-08 8.699467405676841736e-03 -8.527018874883651733e-02
1.000000000000000000e+00 0.000000000000000000e+00 0.000000000000000000e+00 0.000000000000000000e+00
9.319543838500976562e-01 -3.381547331809997559e-01 -1.199875846505165100e-01 -5.211006104946136475e-02
5.502667427062988281e-01 1.295441389083862305e-01 6.348308324813842773e-01 5.267016887664794922e-01
7.356640696525573730e-01 1.368052153338794596e-06 6.773465871810913086e-01 -1.389114345329289790e-06
8.895636200904846191e-01 -3.586406707763671875e-01 -2.793295979499816895e-01 -4.503848031163215637e-02
8.438882827758789062e-01 -4.484058916568756104e-02 -5.482103209942579269e-03 5.346137285232543945e-01
7.510644793510437012e-01 -3.720010610663848638e-08 -5.330010876059532166e-02 6.580739617347717285e-01
8.665940761566162109e-01 3.868894538072709111e-08 -4.028524458408355713e-02 4.973849654197692871e-01
1.000000000000000000e+00 0.000000000000000000e+00 0.000000000000000000e+00 0.000000000000000000e+00
8.778552412986755371e-01 -3.649705275893211365e-02 -5.767537280917167664e-03 4.774985611438751221e-01
6.450126767158508301e-01 -8.663294970290280617e-09 -6.169141083955764771e-02 7.616776227951049805e-01
9.045471549034118652e-01 2.007721811025930947e-08 -3.442098945379257202e-02 4.249819219112396240e-01
1.000000000000000000e+00 0.000000000000000000e+00 0.000000000000000000e+00 0.000000000000000000e+00
8.987730145454406738e-01 -5.356736946851015091e-04 -6.913294643163681030e-02 4.329289495944976807e-01
5.694785118103027344e-01 3.924949254496823414e-08 -6.636043637990951538e-02 8.193232417106628418e-01
9.865034818649291992e-01 5.660726856149267405e-06 -1.321873906999826431e-02 1.632057875394821167e-01
1.000000000000000000e+00 0.000000000000000000e+00 0.000000000000000000e+00 0.000000000000000000e+00
9.939914345741271973e-01 -6.389431189745664597e-03 1.552431471645832062e-02 1.081630885601043701e-01
9.588575363159179688e-01 -1.966849261236802704e-08 -2.291818894445896149e-02 2.829612493515014648e-01
9.662647843360900879e-01 -3.542104209941498993e-08 -2.079199440777301788e-02 2.567099928855895996e-01
1.000000000000000000e+00 0.000000000000000000e+00 0.000000000000000000e+00 0.000000000000000000e+00
9.921103119850158691e-01 6.852961331605911255e-02 -4.944360628724098206e-02 9.260737150907516479e-02
9.527314305305480957e-01 2.076598703861236572e-01 -1.236682534217834473e-01 -1.840824037790298462e-01
8.713622093200683594e-01 1.127527356147766113e-01 -4.059427082538604736e-01 -2.514463365077972412e-01
1.000000000000000000e+00 0.000000000000000000e+00 0.000000000000000000e+00 0.000000000000000000e+00
8.993412852287292480e-01 -1.097393706440925598e-01 3.868828117847442627e-01 1.716517060995101929e-01
9.699447154998779297e-01 2.432302087545394897e-01 5.429363809525966644e-03 -4.097078461199998856e-03
9.991670250892639160e-01 2.634278126060962677e-02 1.107794791460037231e-02 -2.913063019514083862e-02
9.995276927947998047e-01 -3.073350153863430023e-02 -3.030067929898905277e-08 -2.657684960993833556e-09
1.000000000000000000e+00 0.000000000000000000e+00 0.000000000000000000e+00 0.000000000000000000e+00
9.985931515693664551e-01 6.183091318234801292e-04 4.185697063803672791e-02 -3.255045041441917419e-02
9.452428221702575684e-01 3.262283802032470703e-01 -4.213549196720123291e-03 8.563346229493618011e-03
9.655719995498657227e-01 -2.120445519685745239e-01 -1.415994167327880859e-01 5.155082792043685913e-02
1.000000000000000000e+00 -1.789002708392217755e-04 -6.376930627993715461e-08 1.340291433393758780e-08
1.000000000000000000e+00 0.000000000000000000e+00 0.000000000000000000e+00 0.000000000000000000e+00
#New slice
9.331705570220947266e-01 -1.114636287093162537e-01 -3.406946659088134766e-01 -2.638092078268527985e-02
9.983560442924499512e-01 5.330446735024452209e-02 -1.767529547214508057e-02 1.146629359573125839e-02
9.899727702140808105e-01 1.386521756649017334e-01 -1.630310527980327606e-02 2.153380960226058960e-02
9.886317849159240723e-01 1.474360525608062744e-01 -2.565467543900012970e-02 1.454753521829843521e-02
9.948743581771850586e-01 -4.998810216784477234e-02 7.781273871660232544e-02 4.088280722498893738e-02
9.674581885337829590e-01 -1.238992065191268921e-01 1.939028054475784302e-01 1.052396744489669800e-01
1.000000000000000000e+00 0.000000000000000000e+00 0.000000000000000000e+00 0.000000000000000000e+00
1.000000000000000000e+00 0.000000000000000000e+00 0.000000000000000000e+00 0.000000000000000000e+00
1.000000000000000000e+00 0.000000000000000000e+00 0.000000000000000000e+00 0.000000000000000000e+00
9.219021201133728027e-01 -3.105998039245605469e-01 -1.674502901732921600e-02 2.309634238481521606e-01
7.366626262664794922e-01 -2.773242294788360596e-01 5.220362916588783264e-02 -6.145683526992797852e-01
8.262569904327392578e-01 -3.113776188001793344e-07 -5.632933974266052246e-01 -2.510344643269490916e-07
4.611252248287200928e-01 -8.590437173843383789e-01 2.068210989236831665e-01 8.144084364175796509e-02
9.966231584548950195e-01 4.030219465494155884e-02 6.730531901121139526e-02 2.424844726920127869e-02
9.837118983268737793e-01 1.668360978364944458e-01 -3.842592239379882812e-02 5.477483570575714111e-02
9.955748915672302246e-01 -4.053440690040588379e-02 -8.319438993930816650e-02 1.631684042513370514e-02
1.000000000000000000e+00 0.000000000000000000e+00 0.000000000000000000e+00 0.000000000000000000e+00
9.605632424354553223e-01 -1.095063053071498871e-02 2.790626883506774902e-02 -2.764410078525543213e-01
8.845772743225097656e-01 8.422760267023932101e-09 4.733628779649734497e-02 -4.639855325222015381e-01
9.854231476783752441e-01 -7.678930380450310622e-09 1.726630702614784241e-02 -1.692427545785903931e-01
1.000000000000000000e+00 0.000000000000000000e+00 0.000000000000000000e+00 0.000000000000000000e+00
9.096697568893432617e-01 -1.683649979531764984e-02 4.157176241278648376e-02 -4.129034280776977539e-01
8.592020273208618164e-01 -5.636482924842312059e-08 5.192803218960762024e-02 -5.089944601058959961e-01
9.922303557395935059e-01 8.740855150790594053e-09 1.262745447456836700e-02 -1.237718537449836731e-01
1.000000000000000000e+00 0.000000000000000000e+00 0.000000000000000000e+00 0.000000000000000000e+00
8.760343194007873535e-01 -2.450828440487384796e-02 3.961174562573432922e-02 -4.799941182136535645e-01
8.264375329017639160e-01 3.155354377781804942e-08 5.714393407106399536e-02 -5.601209998130798340e-01
9.812692403793334961e-01 -2.669344212336000055e-08 1.955194398760795593e-02 -1.916469931602478027e-01
1.000000000000000000e+00 0.000000000000000000e+00 0.000000000000000000e+00 0.000000000000000000e+00
8.129376769065856934e-01 -6.797775626182556152e-02 -4.129033070057630539e-03 -5.783548355102539062e-01
8.684843778610229492e-01 7.506478993946075207e-09 5.031242221593856812e-02 -4.931569099426269531e-01
9.943116903305053711e-01 2.400166954075189096e-09 1.080999057739973068e-02 -1.059594899415969849e-01
1.000000000000000000e+00 0.000000000000000000e+00 0.000000000000000000e+00 0.000000000000000000e+00
9.317415356636047363e-01 -3.443545401096343994e-01 -1.056930795311927795e-01 -4.589809477329254150e-02
5.695635676383972168e-01 1.241936087608337402e-01 6.180624961853027344e-01 5.274201631546020508e-01
7.257416248321533203e-01 -7.505836379095853772e-07 6.879673600196838379e-01 6.663239560111833271e-07
8.927700519561767578e-01 -3.619404435157775879e-01 -2.620230913162231445e-01 -5.748737603425979614e-02
8.438882827758789062e-01 -4.484058916568756104e-02 -5.482103209942579269e-03 5.346137285232543945e-01
7.510644793510437012e-01 -3.720010610663848638e-08 -5.330010876059532166e-02 6.580739617347717285e-01
8.665940761566162109e-01 3.868894538072709111e-08 -4.028524458408355713e-02 4.973849654197692871e-01
1.000000000000000000e+00 0.000000000000000000e+00 0.000000000000000000e+00 0.000000000000000000e+00
8.778552412986755371e-01 -3.649705275893211365e-02 -5.767537280917167664e-03 4.774985611438751221e-01
6.450126767158508301e-01 -8.663294970290280617e-09 -6.169141083955764771e-02 7.616776227951049805e-01
9.045471549034118652e-01 2.007721811025930947e-08 -3.442098945379257202e-02 4.249819219112396240e-01
1.000000000000000000e+00 0.000000000000000000e+00 0.000000000000000000e+00 0.000000000000000000e+00
8.987730145454406738e-01 -5.356736946851015091e-04 -6.913294643163681030e-02 4.329289495944976807e-01
5.694785118103027344e-01 3.924949254496823414e-08 -6.636043637990951538e-02 8.193232417106628418e-01
9.865034818649291992e-01 5.660726856149267405e-06 -1.321873906999826431e-02 1.632057875394821167e-01
1.000000000000000000e+00 0.000000000000000000e+00 0.000000000000000000e+00 0.000000000000000000e+00
9.939914345741271973e-01 -6.389431189745664597e-03 1.552431471645832062e-02 1.081630885601043701e-01
9.588575363159179688e-01 -1.966849261236802704e-08 -2.291818894445896149e-02 2.829612493515014648e-01
9.662647843360900879e-01 -3.542104209941498993e-08 -2.079199440777301788e-02 2.567099928855895996e-01
1.000000000000000000e+00 0.000000000000000000e+00 0.000000000000000000e+00 0.000000000000000000e+00
9.921103119850158691e-01 6.852961331605911255e-02 -4.944360628724098206e-02 9.260737150907516479e-02
9.527314305305480957e-01 2.076598703861236572e-01 -1.236682534217834473e-01 -1.840824037790298462e-01
8.713622093200683594e-01 1.127527356147766113e-01 -4.059427082538604736e-01 -2.514463365077972412e-01
1.000000000000000000e+00 0.000000000000000000e+00 0.000000000000000000e+00 0.000000000000000000e+00
9.000141620635986328e-01 -1.059165149927139282e-01 3.881544470787048340e-01 1.676076948642730713e-01
9.717307090759277344e-01 2.359790205955505371e-01 6.091840565204620361e-03 -4.024600144475698471e-03
9.993687868118286133e-01 2.049519866704940796e-02 1.112566236406564713e-02 -2.679975703358650208e-02
9.998119473457336426e-01 -1.939329318702220917e-02 -7.067688301276575658e-08 7.763086173895317188e-09
1.000000000000000000e+00 0.000000000000000000e+00 0.000000000000000000e+00 0.000000000000000000e+00
9.985077977180480957e-01 4.123311082366853952e-04 4.257127642631530762e-02 -3.420033678412437439e-02
9.460282921791076660e-01 3.239438235759735107e-01 -4.238498397171497345e-03 8.551589213311672211e-03
9.660899639129638672e-01 -2.092734724283218384e-01 -1.416708827018737793e-01 5.295500159263610840e-02
1.000000000000000000e+00 -1.789002708392217755e-04 -6.376930627993715461e-08 1.340291433393758780e-08
1.000000000000000000e+00 0.000000000000000000e+00 0.000000000000000000e+00 0.000000000000000000e+00
#New slice
9.331741929054260254e-01 -1.114913448691368103e-01 -3.406812846660614014e-01 -2.630461379885673523e-02
9.982716441154479980e-01 5.686660483479499817e-02 -1.399719715118408203e-02 4.910257644951343536e-03
9.896593689918518066e-01 1.425600498914718628e-01 -1.334844529628753662e-02 8.529371581971645355e-03
9.880690574645996094e-01 1.523536443710327148e-01 -2.193186618387699127e-02 5.184047855436801910e-03
9.960114359855651855e-01 -3.640180081129074097e-02 7.372954487800598145e-02 3.464249148964881897e-02
9.763906598091125488e-01 -9.052553027868270874e-02 1.726444214582443237e-01 9.306110441684722900e-02
1.000000000000000000e+00 0.000000000000000000e+00 0.000000000000000000e+00 0.000000000000000000e+00
1.000000000000000000e+00 0.000000000000000000e+00 0.000000000000000000e+00 0.000000000000000000e+00
1.000000000000000000e+00 0.000000000000000000e+00 0.000000000000000000e+00 0.000000000000000000e+00
9.287341237068176270e-01 -3.114443719387054443e-01 -1.977343671023845673e-02 2.001606225967407227e-01
7.464806437492370605e-01 -3.027228415012359619e-01 -1.949986792169511318e-03 -5.925552248954772949e-01
8.211253285408020020e-01 -2.485713253008725587e-07 -5.707479715347290039e-01 -2.640031766532047186e-07
4.877639412879943848e-01 -8.385552763938903809e-01 2.206534296274185181e-01 1.011119112372398376e-01
9.959786534309387207e-01 4.170541837811470032e-02 7.447034120559692383e-02 2.722860686480998993e-02
9.836300015449523926e-01 1.673513948917388916e-01 -3.142138943076133728e-02 5.897632986307144165e-02
9.955748915672302246e-01 -4.053440690040588379e-02 -8.319438993930816650e-02 1.631684042513370514e-02
1.000000000000000000e+00 0.000000000000000000e+00 0.000000000000000000e+00 0.000000000000000000e+00
9.556936025619506836e-01 -1.163181196898221970e-02 2.955832146108150482e-02 -2.926444113254547119e-01
8.765072822570800781e-01 3.825137895319130621e-08 4.885813966393470764e-02 -4.789027869701385498e-01
9.823834896087646484e-01 1.062971293208647694e-07 1.896683871746063232e-02 -1.859110593795776367e-01
1.000000000000000000e+00 0.000000000000000000e+00 0.000000000000000000e+00 0.000000000000000000e+00
9.030729532241821289e-01 -1.743754185736179352e-02 4.300802946090698242e-02 -4.269725382328033447e-01
8.511000871658325195e-01 1.258396054026889033e-07 5.328474193811416626e-02 -5.222924947738647461e-01
9.901645183563232422e-01 -8.665034556543105282e-08 1.419976539909839630e-02 -1.391857117414474487e-01
1.000000000000000000e+00 0.000000000000000000e+00 0.000000000000000000e+00 0.000000000000000000e+00
8.683177232742309570e-01 -2.523617073893547058e-02 4.107932001352310181e-02 -4.936597943305969238e-01
8.174332380294799805e-01 0.000000000000000000e+00 5.846292153000831604e-02 -5.730488300323486328e-01
9.781010150909423828e-01 -4.760871252784681928e-09 2.112409658730030060e-02 -2.070561349391937256e-01
1.000000000000000000e+00 0.000000000000000000e+00 0.000000000000000000e+00 0.000000000000000000e+00
8.047780394554138184e-01 -6.935147196054458618e-02 -2.396811731159687042e-03 -5.895056724548339844e-01
8.593467473983764648e-01 -5.418782222932350123e-08 5.190337821841239929e-02 -5.087525844573974609e-01
9.926918148994445801e-01 -6.625890502931497394e-09 1.224809978157281876e-02 -1.200547441840171814e-01
1.000000000000000000e+00 0.000000000000000000e+00 0.000000000000000000e+00 0.000000000000000000e+00
9.312480092048645020e-01 -3.507633805274963379e-01 -8.795619755983352661e-02 -4.478953033685684204e-02
6.001099348068237305e-01 1.224332898855209351e-01 5.894121527671813965e-01 5.267556309700012207e-01
7.089429497718811035e-01 1.135591355705400929e-05 7.052658200263977051e-01 -1.141458596976008266e-05
8.950295448303222656e-01 -3.659759759902954102e-01 -2.419615238904953003e-01 -8.023896068334579468e-02
8.438882827758789062e-01 -4.484058916568756104e-02 -5.482103209942579269e-03 5.346137285232543945e-01
7.510644793510437012e-01 -3.720010610663848638e-08 -5.330010876059532166e-02 6.580739617347717285e-01
8.665940761566162109e-01 3.868894538072709111e-08 -4.028524458408355713e-02 4.973849654197692871e-01
1.000000000000000000e+00 0.000000000000000000e+00 0.000000000000000000e+00 0.000000000000000000e+00
8.778552412986755371e-01 -3.649705275893211365e-02 -5.767537280917167664e-03 4.774985611438751221e-01
6.450126767158508301e-01 -8.663294970290280617e-09 -6.169141083955764771e-02 7.616776227951049805e-01
9.045471549034118652e-01 2.007721811025930947e-08 -3.442098945379257202e-02 4.249819219112396240e-01
1.000000000000000000e+00 0.000000000000000000e+00 0.000000000000000000e+00 0.000000000000000000e+00
8.987730145454406738e-01 -5.356736946851015091e-04 -6.913294643163681030e-02 4.329289495944976807e-01
5.694785118103027344e-01 3.924949254496823414e-08 -6.636043637990951538e-02 8.193232417106628418e-01
9.865034818649291992e-01 5.660726856149267405e-06 -1.321873906999826431e-02 1.632057875394821167e-01
1.000000000000000000e+00 0.000000000000000000e+00 0.000000000000000000e+00 0.000000000000000000e+00
9.939914345741271973e-01 -6.389431189745664597e-03 1.552431471645832062e-02 1.081630885601043701e-01
9.588575363159179688e-01 -1.966849261236802704e-08 -2.291818894445896149e-02 2.829612493515014648e-01
9.662647843360900879e-01 -3.542104209941498993e-08 -2.079199440777301788e-02 2.567099928855895996e-01
1.000000000000000000e+00 0.000000000000000000e+00 0.000000000000000000e+00 0.000000000000000000e+00
9.921103119850158691e-01 6.852961331605911255e-02 -4.944360628724098206e-02 9.260737150907516479e-02
9.527314305305480957e-01 2.076598703861236572e-01 -1.236682534217834473e-01 -1.840824037790298462e-01
8.713622093200683594e-01 1.127527356147766113e-01 -4.059427082538604736e-01 -2.514463365077972412e-01
1.000000000000000000e+00 0.000000000000000000e+00 0.000000000000000000e+00 0.000000000000000000e+00
9.010099768638610840e-01 -9.900983422994613647e-02 3.901338875293731689e-01 1.617826670408248901e-01
9.749062657356262207e-01 2.224773913621902466e-01 6.718576885759830475e-03 -4.055095836520195007e-03
9.994510412216186523e-01 1.986814290285110474e-02 1.117849815636873245e-02 -2.404288761317729950e-02
9.999656081199645996e-01 -8.306085132062435150e-03 2.902478257738039247e-08 1.665637050507484673e-08
1.000000000000000000e+00 0.000000000000000000e+00 0.000000000000000000e+00 0.000000000000000000e+00
9.983811974525451660e-01 3.390775527805089951e-03 4.352011904120445251e-02 -3.646179661154747009e-02
9.489161968231201172e-01 3.153827786445617676e-01 -4.492195788770914078e-03 8.460475131869316101e-03
9.673004746437072754e-01 -2.030954360961914062e-01 -1.418411880731582642e-01 5.443468689918518066e-02
1.000000000000000000e+00 -1.789002708392217755e-04 -6.376930627993715461e-08 1.340291433393758780e-08
1.000000000000000000e+00 0.000000000000000000e+00 0.000000000000000000e+00 0.000000000000000000e+00
#New slice
9.331836104393005371e-01 -1.114788353443145752e-01 -3.406567871570587158e-01 -2.634006924927234650e-02
9.980884194374084473e-01 6.097636744379997253e-02 -9.949169121682643890e-03 -1.545744133181869984e-03
9.895433187484741211e-01 1.438744366168975830e-01 -1.004343945533037186e-02 -1.881475443951785564e-03
9.880688786506652832e-01 1.530966758728027344e-01 -1.664404757320880890e-02 2.113009104505181313e-03
9.971569776535034180e-01 -1.589802280068397522e-02 6.828629225492477417e-02 2.761212363839149475e-02
9.826454520225524902e-01 -6.290419399738311768e-02 1.574170440435409546e-01 7.530611008405685425e-02
1.000000000000000000e+00 0.000000000000000000e+00 0.000000000000000000e+00 0.000000000000000000e+00
1.000000000000000000e+00 0.000000000000000000e+00 0.000000000000000000e+00 0.000000000000000000e+00
1.000000000000000000e+00 0.000000000000000000e+00 0.000000000000000000e+00 0.000000000000000000e+00
9.360805749893188477e-01 -3.130401074886322021e-01 -2.293863706290721893e-02 1.588485538959503174e-01
7.554210424423217773e-01 -3.134386837482452393e-01 -6.461608409881591797e-02 -5.717691779136657715e-01
8.218027949333190918e-01 -3.034435565041349037e-07 -5.697720050811767578e-01 -1.462050533973524580e-07
5.106505155563354492e-01 -8.200460672378540039e-01 2.302898317575454712e-01 1.171631366014480591e-01
9.954437017440795898e-01 4.277738183736801147e-02 7.994258403778076172e-02 2.951595559716224670e-02
9.835239648818969727e-01 1.677380800247192383e-01 -2.606411837041378021e-02 6.217085570096969604e-02
9.955748915672302246e-01 -4.053440690040588379e-02 -8.319438993930816650e-02 1.631684042513370514e-02
1.000000000000000000e+00 0.000000000000000000e+00 0.000000000000000000e+00 0.000000000000000000e+00
9.537346959114074707e-01 -1.189492456614971161e-02 3.019563108682632446e-02 -2.988927066326141357e-01
8.733159899711608887e-01 2.132842125135425704e-09 4.944332689046859741e-02 -4.846386313438415527e-01
9.811307787895202637e-01 -7.593873085909308429e-09 1.962334848940372467e-02 -1.923474222421646118e-01
1.000000000000000000e+00 0.000000000000000000e+00 0.000000000000000000e+00 0.000000000000000000e+00
9.009423255920410156e-01 -1.762745715677738190e-02 4.345859587192535400e-02 -4.313974678516387939e-01
8.484962582588195801e-01 -7.573546412231735303e-08 5.371074751019477844e-02 -5.264686942100524902e-01
9.894613623619079590e-01 3.459064856770055485e-08 1.469619385898113251e-02 -1.440500020980834961e-01
1.000000000000000000e+00 0.000000000000000000e+00 0.000000000000000000e+00 0.000000000000000000e+00
8.658410310745239258e-01 -2.546552754938602448e-02 4.153840616345405579e-02 -4.979411363601684570e-01
8.145532011985778809e-01 3.887403110525156080e-08 5.887557193636894226e-02 -5.770933628082275391e-01
9.770519733428955078e-01 -5.409391690136544639e-08 2.161837927997112274e-02 -2.119015753269195557e-01
1.000000000000000000e+00 0.000000000000000000e+00 0.000000000000000000e+00 0.000000000000000000e+00
8.035314679145812988e-01 -6.955413520336151123e-02 -2.129723783582448959e-03 -5.911810994148254395e-01
8.558787703514099121e-01 -4.679035114918406180e-08 5.249046161770820618e-02 -5.145058631896972656e-01
9.924292564392089844e-01 2.457506198538794706e-08 1.246516499668359756e-02 -1.221833825111389160e-01
1.000000000000000000e+00 0.000000000000000000e+00 0.000000000000000000e+00 0.000000000000000000e+00
9.308707714080810547e-01 -3.542973995208740234e-01 -7.690525054931640625e-02 -4.515044018626213074e-02
6.297163963317871094e-01 1.271349191665649414e-01 5.594553947448730469e-01 5.237400531768798828e-01
6.892287731170654297e-01 -1.148337901213380974e-06 7.245438098907470703e-01 1.110724724640022032e-06
8.949131965637207031e-01 -3.694242238998413086e-01 -2.290570288896560669e-01 -1.009405180811882019e-01
8.438882827758789062e-01 -4.484058916568756104e-02 -5.482103209942579269e-03 5.346137285232543945e-01
7.510644793510437012e-01 -3.720010610663848638e-08 -5.330010876059532166e-02 6.580739617347717285e-01
8.665940761566162109e-01 3.868894538072709111e-08 -4.028524458408355713e-02 4.973849654197692871e-01
1.000000000000000000e+00 0.000000000000000000e+00 0.000000000000000000e+00 0.000000000000000000e+00
8.778552412986755371e-01 -3.649705275893211365e-02 -5.767537280917167664e-03 4.774985611438751221e-01
6.450126767158508301e-01 -8.663294970290280617e-09 -6.169141083955764771e-02 7.616776227951049805e-01
9.045471549034118652e-01 2.007721811025930947e-08 -3.442098945379257202e-02 4.249819219112396240e-01
1.000000000000000000e+00 0.000000000000000000e+00 0.000000000000000000e+00 0.000000000000000000e+00
8.987730145454406738e-01 -5.356736946851015091e-04 -6.913294643163681030e-02 4.329289495944976807e-01
5.694785118103027344e-01 3.924949254496823414e-08 -6.636043637990951538e-02 8.193232417106628418e-01
9.865034818649291992e-01 5.660726856149267405e-06 -1.321873906999826431e-02 1.632057875394821167e-01
1.000000000000000000e+00 0.000000000000000000e+00 0.000000000000000000e+00 0.000000000000000000e+00
9.939914345741271973e-01 -6.389431189745664597e-03 1.552431471645832062e-02 1.081630885601043701e-01
9.588575363159179688e-01 -1.966849261236802704e-08 -2.291818894445896149e-02 2.829612493515014648e-01
9.662647843360900879e-01 -3.542104209941498993e-08 -2.079199440777301788e-02 2.567099928855895996e-01
1.000000000000000000e+00 0.000000000000000000e+00 0.000000000000000000e+00 0.000000000000000000e+00
9.921103119850158691e-01 6.852961331605911255e-02 -4.944360628724098206e-02 9.260737150907516479e-02
9.527314305305480957e-01 2.076598703861236572e-01 -1.236682534217834473e-01 -1.840824037790298462e-01
8.713622093200683594e-01 1.127527356147766113e-01 -4.059427082538604736e-01 -2.514463365077972412e-01
1.000000000000000000e+00 0.000000000000000000e+00 0.000000000000000000e+00 0.000000000000000000e+00
9.019333124160766602e-01 -9.186892211437225342e-02 3.919891119003295898e-01 1.562719941139221191e-01
9.774976968765258789e-01 2.107852846384048462e-01 7.112673483788967133e-03 -4.154649097472429276e-03
9.994445443153381348e-01 2.278472110629081726e-02 1.119008846580982208e-02 -2.159443683922290802e-02
9.999994635581970215e-01 -1.048712991178035736e-03 1.109424885292753515e-09 3.307311757794195728e-08
1.000000000000000000e+00 0.000000000000000000e+00 0.000000000000000000e+00 0.000000000000000000e+00
9.981578588485717773e-01 1.028126757591962814e-02 4.468816146254539490e-02 -3.972630947828292847e-02
9.532945156097412109e-01 3.018884658813476562e-01 -4.777057562023401260e-03 8.372851647436618805e-03
9.686864018440246582e-01 -1.955792605876922607e-01 -1.420349031686782837e-01 5.675813555717468262e-02
1.000000000000000000e+00 -1.789002708392217755e-04 -6.376930627993715461e-08 1.340291433393758780e-08
1.000000000000000000e+00 0.000000000000000000e+00 0.000000000000000000e+00 0.000000000000000000e+00
#New slice
9.332014918327331543e-01 -1.113970503211021423e-01 -3.406169712543487549e-01 -2.656691521406173706e-02
9.978711009025573730e-01 6.458400189876556396e-02 -7.858952507376670837e-03 -4.518935456871986389e-03
9.895476102828979492e-01 1.437772363424301147e-01 -9.408924728631973267e-03 -5.929883103817701340e-03
9.885308742523193359e-01 1.504893302917480469e-01 -1.261829305440187454e-02 6.956168217584490776e-04
9.976119995117187500e-01 3.603332908824086189e-03 6.608269363641738892e-02 1.975882798433303833e-02
9.833577275276184082e-01 -4.733990505337715149e-02 1.624293476343154907e-01 6.620612740516662598e-02
1.000000000000000000e+00 0.000000000000000000e+00 0.000000000000000000e+00 0.000000000000000000e+00
1.000000000000000000e+00 0.000000000000000000e+00 0.000000000000000000e+00 0.000000000000000000e+00
1.000000000000000000e+00 0.000000000000000000e+00 0.000000000000000000e+00 0.000000000000000000e+00
9.417393207550048828e-01 -3.154633343219757080e-01 -2.634062618017196655e-02 1.136492192745208740e-01
7.686717510223388672e-01 -3.127295970916748047e-01 -1.196352466940879822e-01 -5.450060367584228516e-01
8.268596529960632324e-01 3.140103217447176576e-07 -5.624083280563354492e-01 1.710368593421662808e-07
5.201105475425720215e-01 -8.102818131446838379e-01 2.381432056427001953e-01 1.273430138826370239e-01
9.952203631401062012e-01 4.320443794131278992e-02 8.212207257747650146e-02 3.042984753847122192e-02
9.834712147712707520e-01 1.678904742002487183e-01 -2.392851561307907104e-02 6.343983113765716553e-02
9.955748915672302246e-01 -4.053440690040588379e-02 -8.319438993930816650e-02 1.631684042513370514e-02
1.000000000000000000e+00 0.000000000000000000e+00 0.000000000000000000e+00 0.000000000000000000e+00
9.522531032562255859e-01 -1.209061499685049057e-02 3.066682443022727966e-02 -3.035249412059783936e-01
8.709211945533752441e-01 5.560638172141807445e-08 4.987652972340583801e-02 -4.888851344585418701e-01
9.801726341247558594e-01 -9.667895994880382204e-08 2.011053822934627533e-02 -1.971223354339599609e-01
1.000000000000000000e+00 0.000000000000000000e+00 0.000000000000000000e+00 0.000000000000000000e+00
8.995686173439025879e-01 -1.774976775050163269e-02 4.374428093433380127e-02 -4.342207312583923340e-01
8.468207716941833496e-01 8.138425044990071910e-08 5.398252233862876892e-02 -5.291318297386169434e-01
9.889990687370300293e-01 8.710557608537783381e-09 1.501318439841270447e-02 -1.471578180789947510e-01
1.000000000000000000e+00 0.000000000000000000e+00 0.000000000000000000e+00 0.000000000000000000e+00
8.642600774765014648e-01 -2.561244368553161621e-02 4.182617738842964172e-02 -5.006486177444458008e-01
8.127170801162719727e-01 -1.077180797892651754e-07 5.913629010319709778e-02 -5.796497464179992676e-01
9.763743281364440918e-01 -4.769290518069624341e-10 2.193154580891132355e-02 -2.149701416492462158e-01
1.000000000000000000e+00 0.000000000000000000e+00 0.000000000000000000e+00 0.000000000000000000e+00
8.035313487052917480e-01 -6.955409049987792969e-02 -2.129686530679464340e-03 -5.911810994148254395e-01
8.533723950386047363e-01 -2.946627830624493072e-08 5.290901288390159607e-02 -5.186098217964172363e-01
9.924292564392089844e-01 -9.618878138439868053e-09 1.246525347232818604e-02 -1.221832707524299622e-01
1.000000000000000000e+00 0.000000000000000000e+00 0.000000000000000000e+00 0.000000000000000000e+00
9.310400485992431641e-01 -3.535544276237487793e-01 -7.754205912351608276e-02 -4.637820646166801453e-02
6.454966068267822266e-01 1.289994120597839355e-01 5.462899804115295410e-01 5.179389119148254395e-01
6.774560809135437012e-01 4.870926773037353996e-07 7.355632185935974121e-01 -6.418364932869735640e-07
8.921647071838378906e-01 -3.748184740543365479e-01 -2.245584428310394287e-01 -1.145728752017021179e-01
8.438882827758789062e-01 -4.484058916568756104e-02 -5.482103209942579269e-03 5.346137285232543945e-01
7.510644793510437012e-01 -3.720010610663848638e-08 -5.330010876059532166e-02 6.580739617347717285e-01
8.665940761566162109e-01 3.868894538072709111e-08 -4.028524458408355713e-02 4.973849654197692871e-01
1.000000000000000000e+00 0.000000000000000000e+00 0.000000000000000000e+00 0.000000000000000000e+00
8.778552412986755371e-01 -3.649705275893211365e-02 -5.767537280917167664e-03 4.774985611438751221e-01
6.450126767158508301e-01 -8.663294970290280617e-09 -6.169141083955764771e-02 7.616776227951049805e-01
9.045471549034118652e-01 2.007721811025930947e-08 -3.442098945379257202e-02 4.249819219112396240e-01
1.000000000000000000e+00 0.000000000000000000e+00 0.000000000000000000e+00 0.000000000000000000e+00
8.987730145454406738e-01 -5.356736946851015091e-04 -6.913294643163681030e-02 4.329289495944976807e-01
5.694785118103027344e-01 3.924949254496823414e-08 -6.636043637990951538e-02 8.193232417106628418e-01
9.865034818649291992e-01 5.660726856149267405e-06 -1.321873906999826431e-02 1.632057875394821167e-01
1.000000000000000000e+00 0.000000000000000000e+00 0.000000000000000000e+00 0.000000000000000000e+00
9.939914345741271973e-01 -6.389431189745664597e-03 1.552431471645832062e-02 1.081630885601043701e-01
9.588575363159179688e-01 -1.966849261236802704e-08 -2.291818894445896149e-02 2.829612493515014648e-01
9.662647843360900879e-01 -3.542104209941498993e-08 -2.079199440777301788e-02 2.567099928855895996e-01
1.000000000000000000e+00 0.000000000000000000e+00 0.000000000000000000e+00 0.000000000000000000e+00
9.921103119850158691e-01 6.852961331605911255e-02 -4.944360628724098206e-02 9.260737150907516479e-02
9.527314305305480957e-01 2.076598703861236572e-01 -1.236682534217834473e-01 -1.840824037790298462e-01
8.713622093200683594e-01 1.127527356147766113e-01 -4.059427082538604736e-01 -2.514463365077972412e-01
1.000000000000000000e+00 0.000000000000000000e+00 0.000000000000000000e+00 0.000000000000000000e+00
9.028244614601135254e-01 -8.402641862630844116e-02 3.936575651168823242e-01 1.512656509876251221e-01
9.795762896537780762e-01 2.008956670761108398e-01 7.331122178584337234e-03 -4.179355688393115997e-03
9.994670152664184570e-01 2.328643202781677246e-02 1.119313854724168777e-02 -1.995436474680900574e-02
1.000000000000000000e+00 -8.850312838148965966e-07 -4.188385815950823599e-08 -3.673829240824488807e-08
1.000000000000000000e+00 0.000000000000000000e+00 0.000000000000000000e+00 0.000000000000000000e+00
9.978047609329223633e-01 1.987594924867153168e-02 4.576493054628372192e-02 -4.354501143097877502e-02
9.581474065780639648e-01 2.861110866069793701e-01 -4.932678304612636566e-03 8.346925489604473114e-03
9.699128270149230957e-01 -1.883676350116729736e-01 -1.422052979469299316e-01 5.970270186662673950e-02
1.000000000000000000e+00 -1.789002708392217755e-04 -6.376930627993715461e-08 1.340291433393758780e-08
1.000000000000000000e+00 0.000000000000000000e+00 0.000000000000000000e+00 0.000000000000000000e+00
#New slice
9.332169890403747559e-01 -1.113214865326881409e-01 -3.405828177928924561e-01 -2.677676081657409668e-02
9.976947903633117676e-01 6.735417991876602173e-02 -6.973706651479005814e-03 -4.482185468077659607e-03
9.895678162574768066e-01 1.435725241899490356e-01 -1.015151292085647583e-02 -6.279608700424432755e-03
9.890415072441101074e-01 1.472633332014083862e-01 -9.767218492925167084e-03 -3.880049102008342743e-03
9.975339174270629883e-01 1.297448668628931046e-02 6.791521608829498291e-02 1.206206250935792923e-02
9.799814820289611816e-01 -4.342919960618019104e-02 1.801638901233673096e-01 7.274142652750015259e-02
1.000000000000000000e+00 0.000000000000000000e+00 0.000000000000000000e+00 0.000000000000000000e+00
1.000000000000000000e+00 0.000000000000000000e+00 0.000000000000000000e+00 0.000000000000000000e+00
1.000000000000000000e+00 0.000000000000000000e+00 0.000000000000000000e+00 0.000000000000000000e+00
9.447961449623107910e-01 -3.184098303318023682e-01 -2.981643937528133392e-02 7.131931930780410767e-02
7.854521274566650391e-01 -3.071958422660827637e-01 -1.624898314476013184e-01 -5.121452212333679199e-01
8.306131958961486816e-01 1.379197129836029490e-07 -5.568498373031616211e-01 1.802313249754661229e-07
5.188667774200439453e-01 -8.069644570350646973e-01 2.488876432180404663e-01 1.328180432319641113e-01
9.952203035354614258e-01 4.320439696311950684e-02 8.212205022573471069e-02 3.042985126376152039e-02
9.834712147712707520e-01 1.678905040025711060e-01 -2.392862178385257721e-02 6.343986093997955322e-02
9.955748915672302246e-01 -4.053440690040588379e-02 -8.319438993930816650e-02 1.631684042513370514e-02
1.000000000000000000e+00 0.000000000000000000e+00 0.000000000000000000e+00 0.000000000000000000e+00
9.508189558982849121e-01 -1.227705366909503937e-02 3.111557289958000183e-02 -3.079357743263244629e-01
8.686177730560302734e-01 -4.717632506867630582e-08 5.028849840164184570e-02 -4.929241836071014404e-01
9.792370200157165527e-01 5.444873352189461002e-08 2.057472057640552521e-02 -2.016718089580535889e-01
1.000000000000000000e+00 0.000000000000000000e+00 0.000000000000000000e+00 0.000000000000000000e+00
8.982502818107604980e-01 -1.786628924310207367e-02 4.401634261012077332e-02 -4.369094371795654297e-01
8.452150821685791016e-01 -6.611258651645357531e-09 5.424117296934127808e-02 -5.316666364669799805e-01
9.885490536689758301e-01 2.414158473129646154e-08 1.531533803790807724e-02 -1.501206159591674805e-01
1.000000000000000000e+00 0.000000000000000000e+00 0.000000000000000000e+00 0.000000000000000000e+00
8.627444505691528320e-01 -2.575236372649669647e-02 4.210034757852554321e-02 -5.032259821891784668e-01
8.109587430953979492e-01 1.148421979735303466e-08 5.938465893268585205e-02 -5.820821523666381836e-01
9.757190942764282227e-01 2.243071861585121951e-08 2.222977764904499054e-02 -2.178946733474731445e-01
1.000000000000000000e+00 0.000000000000000000e+00 0.000000000000000000e+00 0.000000000000000000e+00
8.035313487052917480e-01 -6.955415755510330200e-02 -2.129758941009640694e-03 -5.911812782287597656e-01
8.509636521339416504e-01 -4.706061318415777350e-08 5.330721288919448853e-02 -5.225123763084411621e-01
9.924292564392089844e-01 1.407640781714292189e-09 1.246528141200542450e-02 -1.221833154559135437e-01
1.000000000000000000e+00 0.000000000000000000e+00 0.000000000000000000e+00 0.000000000000000000e+00
9.315332770347595215e-01 -3.501766026020050049e-01 -8.483552932739257812e-02 -4.924533888697624207e-02
6.492428779602050781e-01 1.276171654462814331e-01 5.487301349639892578e-01 5.109724402427673340e-01
6.701185703277587891e-01 -7.002149260415535537e-08 7.422540783882141113e-01 1.180472608552918246e-07
8.873634338378906250e-01 -3.806304335594177246e-01 -2.251150906085968018e-01 -1.304982900619506836e-01
8.438882827758789062e-01 -4.484058916568756104e-02 -5.482103209942579269e-03 5.346137285232543945e-01
7.510644793510437012e-01 -3.720010610663848638e-08 -5.330010876059532166e-02 6.580739617347717285e-01
8.665940761566162109e-01 3.868894538072709111e-08 -4.028524458408355713e-02 4.973849654197692871e-01
1.000000000000000000e+00 0.000000000000000000e+00 0.000000000000000000e+00 0.000000000000000000e+00
8.778552412986755371e-01 -3.649705275893211365e-02 -5.767537280917167664e-03 4.774985611438751221e-01
6.450126767158508301e-01 -8.663294970290280617e-09 -6.169141083955764771e-02 7.616776227951049805e-01
9.045471549034118652e-01 2.007721811025930947e-08 -3.442098945379257202e-02 4.249819219112396240e-01
1.000000000000000000e+00 0.000000000000000000e+00 0.000000000000000000e+00 0.000000000000000000e+00
8.987730145454406738e-01 -5.356736946851015091e-04 -6.913294643163681030e-02 4.329289495944976807e-01
5.694785118103027344e-01 3.924949254496823414e-08 -6.636043637990951538e-02 8.193232417106628418e-01
9.865034818649291992e-01 5.660726856149267405e-06 -1.321873906999826431e-02 1.632057875394821167e-01
1.000000000000000000e+00 0.000000000000000000e+00 0.000000000000000000e+00 0.000000000000000000e+00
9.939914345741271973e-01 -6.389431189745664597e-03 1.552431471645832062e-02 1.081630885601043701e-01
9.588575363159179688e-01 -1.966849261236802704e-08 -2.291818894445896149e-02 2.829612493515014648e-01
9.662647843360900879e-01 -3.542104209941498993e-08 -2.079199440777301788e-02 2.567099928855895996e-01
1.000000000000000000e+00 0.000000000000000000e+00 0.000000000000000000e+00 0.000000000000000000e+00
9.921103119850158691e-01 6.852961331605911255e-02 -4.944360628724098206e-02 9.260737150907516479e-02
9.527314305305480957e-01 2.076598703861236572e-01 -1.236682534217834473e-01 -1.840824037790298462e-01
8.713622093200683594e-01 1.127527356147766113e-01 -4.059427082538604736e-01 -2.514463365077972412e-01
1.000000000000000000e+00 0.000000000000000000e+00 0.000000000000000000e+00 0.000000000000000000e+00
9.034476876258850098e-01 -7.764465361833572388e-02 3.948415219783782959e-01 1.478301733732223511e-01
9.810959696769714355e-01 1.933348178863525391e-01 7.396006491035223007e-03 -4.205571953207254410e-03
9.994772672653198242e-01 2.346274070441722870e-02 1.119539700448513031e-02 -1.921959221363067627e-02
1.000000000000000000e+00 -3.969779243107041111e-07 1.145425502154808449e-15 -3.864203623749062899e-09
1.000000000000000000e+00 0.000000000000000000e+00 0.000000000000000000e+00 0.000000000000000000e+00
9.974526762962341309e-01 2.817140705883502960e-02 4.638078436255455017e-02 -4.629603400826454163e-02
9.619185924530029297e-01 2.731623649597167969e-01 -5.049514584243297577e-03 8.337236940860748291e-03
9.707987308502197266e-01 -1.829743981361389160e-01 -1.423288881778717041e-01 6.174697354435920715e-02
1.000000000000000000e+00 -1.789002708392217755e-04 -6.376930627993715461e-08 1.340291433393758780e-08
1.000000000000000000e+00 0.000000000000000000e+00 0.000000000000000000e+00 0.000000000000000000e+00
#New slice
9.332214593887329102e-01 -1.113055348396301270e-01 -3.405724763870239258e-01 -2.682116813957691193e-02
9.976220130920410156e-01 6.870110332965850830e-02 -4.463369958102703094e-03 -3.253139555454254150e-03
9.896442890167236328e-01 1.432451009750366211e-01 -7.039404008537530899e-03 -5.959497764706611633e-03
9.894887208938598633e-01 1.443230360746383667e-01 -5.998502019792795181e-03 -6.850480102002620697e-03
9.975892305374145508e-01 1.192215736955404282e-02 6.791662424802780151e-02 7.803352549672126770e-03
9.766434431076049805e-01 -4.446639120578765869e-02 1.929932981729507446e-01 8.333034068346023560e-02
1.000000000000000000e+00 0.000000000000000000e+00 0.000000000000000000e+00 0.000000000000000000e+00
1.000000000000000000e+00 0.000000000000000000e+00 0.000000000000000000e+00 0.000000000000000000e+00
1.000000000000000000e+00 0.000000000000000000e+00 0.000000000000000000e+00 0.000000000000000000e+00
9.456569552421569824e-01 -3.211790919303894043e-01 -3.299625962972640991e-02 3.857687115669250488e-02
7.987609505653381348e-01 -2.967481315135955811e-01 -2.022903859615325928e-01 -4.827010631561279297e-01
8.391709327697753906e-01 3.302563200691110978e-08 -5.438677668571472168e-01 -1.512020162408589385e-07
5.109646916389465332e-01 -8.107444643974304199e-01 2.531463205814361572e-01 1.323844790458679199e-01
9.952203631401062012e-01 4.320440813899040222e-02 8.212216943502426147e-02 3.042983077466487885e-02
9.834712147712707520e-01 1.678904891014099121e-01 -2.392841689288616180e-02 6.343986093997955322e-02
9.955748915672302246e-01 -4.053440690040588379e-02 -8.319438993930816650e-02 1.631684042513370514e-02
1.000000000000000000e+00 0.000000000000000000e+00 0.000000000000000000e+00 0.000000000000000000e+00
9.495823383331298828e-01 -1.243544183671474457e-02 3.149697557091712952e-02 -3.116835951805114746e-01
8.666431307792663574e-01 -1.364783202006947249e-07 5.063823983073234558e-02 -4.963523745536804199e-01
9.784242510795593262e-01 3.664659686819504714e-08 2.096943557262420654e-02 -2.055390030145645142e-01
1.000000000000000000e+00 0.000000000000000000e+00 0.000000000000000000e+00 0.000000000000000000e+00
8.971221446990966797e-01 -1.796529442071914673e-02 4.424754157662391663e-02 -4.391938745975494385e-01
8.438426852226257324e-01 -2.979904856204029784e-08 5.446077883243560791e-02 -5.338198542594909668e-01
9.881592392921447754e-01 2.356206252329684503e-08 1.557258144021034241e-02 -1.526401191949844360e-01
1.000000000000000000e+00 0.000000000000000000e+00 0.000000000000000000e+00 0.000000000000000000e+00
8.614487648010253906e-01 -2.587130665779113770e-02 4.233338683843612671e-02 -5.054154992103576660e-01
8.094565272331237793e-01 4.832322275660771993e-08 5.959537997841835022e-02 -5.841476917266845703e-01
9.751546382904052734e-01 4.058967384423795011e-09 2.248346433043479919e-02 -2.203814536333084106e-01
1.000000000000000000e+00 0.000000000000000000e+00 0.000000000000000000e+00 0.000000000000000000e+00
8.035313487052917480e-01 -6.955413520336151123e-02 -2.129612257704138756e-03 -5.911810994148254395e-01
8.488999009132385254e-01 -3.839827300566867052e-08 5.364502966403961182e-02 -5.258243083953857422e-01
9.924292564392089844e-01 -5.747866183014593844e-09 1.246530283242464066e-02 -1.221833229064941406e-01
1.000000000000000000e+00 0.000000000000000000e+00 0.000000000000000000e+00 0.000000000000000000e+00
9.320050477981567383e-01 -3.461107909679412842e-01 -9.396854788064956665e-02 -5.238348990678787231e-02
6.519386768341064453e-01 1.244867667555809021e-01 5.533041954040527344e-01 5.033226013183593750e-01
6.650558710098266602e-01 -3.977650919750885805e-07 7.467936277389526367e-01 3.542315880622481927e-07
8.816152811050415039e-01 -3.862286210060119629e-01 -2.291062027215957642e-01 -1.452321559190750122e-01
8.438882827758789062e-01 -4.484058916568756104e-02 -5.482103209942579269e-03 5.346137285232543945e-01
7.510644793510437012e-01 -3.720010610663848638e-08 -5.330010876059532166e-02 6.580739617347717285e-01
8.665940761566162109e-01 3.868894538072709111e-08 -4.028524458408355713e-02 4.973849654197692871e-01
1.000000000000000000e+00 0.000000000000000000e+00 0.000000000000000000e+00 0.000000000000000000e+00
8.778552412986755371e-01 -3.649705275893211365e-02 -5.767537280917167664e-03 4.774985611438751221e-01
6.450126767158508301e-01 -8.663294970290280617e-09 -6.169141083955764771e-02 7.616776227951049805e-01
9.045471549034118652e-01 2.007721811025930947e-08 -3.442098945379257202e-02 4.249819219112396240e-01
1.000000000000000000e+00 0.000000000000000000e+00 0.000000000000000000e+00 0.000000000000000000e+00
8.987730145454406738e-01 -5.356736946851015091e-04 -6.913294643163681030e-02 4.329289495944976807e-01
5.694785118103027344e-01 3.924949254496823414e-08 -6.636043637990951538e-02 8.193232417106628418e-01
9.865034818649291992e-01 5.660726856149267405e-06 -1.321873906999826431e-02 1.632057875394821167e-01
1.000000000000000000e+00 0.000000000000000000e+00 0.000000000000000000e+00 0.000000000000000000e+00
9.939914345741271973e-01 -6.389431189745664597e-03 1.552431471645832062e-02 1.081630885601043701e-01
9.588575363159179688e-01 -1.966849261236802704e-08 -2.291818894445896149e-02 2.829612493515014648e-01
9.662647843360900879e-01 -3.542104209941498993e-08 -2.079199440777301788e-02 2.567099928855895996e-01
1.000000000000000000e+00 0.000000000000000000e+00 0.000000000000000000e+00 0.000000000000000000e+00
9.921103119850158691e-01 6.852961331605911255e-02 -4.944360628724098206e-02 9.260737150907516479e-02
9.527314305305480957e-01 2.076598703861236572e-01 -1.236682534217834473e-01 -1.840824037790298462e-01
8.713622093200683594e-01 1.127527356147766113e-01 -4.059427082538604736e-01 -2.514463365077972412e-01
1.000000000000000000e+00 0.000000000000000000e+00 0.000000000000000000e+00 0.000000000000000000e+00
9.036939740180969238e-01 -7.503778487443923950e-02 3.953201472759246826e-01 1.463848203420639038e-01
9.818460941314697266e-01 1.894864737987518311e-01 7.450876757502555847e-03 -4.216403700411319733e-03
9.994629025459289551e-01 2.432316914200782776e-02 1.119630504399538040e-02 -1.889277622103691101e-02
1.000000000000000000e+00 -1.585432983119972050e-06 2.187120884400428622e-08 -4.037676148982427549e-08
1.000000000000000000e+00 0.000000000000000000e+00 0.000000000000000000e+00 0.000000000000000000e+00
9.973164796829223633e-01 3.111938200891017914e-02 4.654356092214584351e-02 -4.717095941305160522e-02
9.633244276046752930e-01 2.681616842746734619e-01 -5.119581241160631180e-03 8.326027542352676392e-03
9.711858630180358887e-01 -1.806839555501937866e-01 -1.423839777708053589e-01 6.227453798055648804e-02
1.000000000000000000e+00 -1.789002708392217755e-04 -6.376930627993715461e-08 1.340291433393758780e-08
1.000000000000000000e+00 0.000000000000000000e+00 0.000000000000000000e+00 0.000000000000000000e+00
#New slice
9.332219362258911133e-01 -1.113071218132972717e-01 -3.405706882476806641e-01 -2.681664191186428070e-02
9.975782036781311035e-01 6.952638924121856689e-02 -2.413642796454951167e-04 -1.940491609275341034e-03
9.897179007530212402e-01 1.428827941417694092e-01 -1.719053398119285703e-04 -6.557818036526441574e-03
9.897280931472778320e-01 1.428170800209045410e-01 -9.371776250191032887e-04 -6.395884323865175247e-03
9.978340864181518555e-01 3.780260682106018066e-03 6.524396687746047974e-02 7.490856107324361801e-03
9.762766957283020020e-01 -4.198790714144706726e-02 1.924156099557876587e-01 8.998471498489379883e-02
1.000000000000000000e+00 0.000000000000000000e+00 0.000000000000000000e+00 0.000000000000000000e+00
1.000000000000000000e+00 0.000000000000000000e+00 0.000000000000000000e+00 0.000000000000000000e+00
1.000000000000000000e+00 0.000000000000000000e+00 0.000000000000000000e+00 0.000000000000000000e+00
9.455451369285583496e-01 -3.228093385696411133e-01 -3.542798012495040894e-02 2.199048176407814026e-02
8.064781427383422852e-01 -2.823903560638427734e-01 -2.314965277910232544e-01 -4.650355577468872070e-01
8.462841510772705078e-01 1.283300932186648424e-08 -5.327317714691162109e-01 -4.731666791712996201e-08
4.984968602657318115e-01 -8.197491168975830078e-01 2.499855309724807739e-01 1.304587572813034058e-01
9.952203035354614258e-01 4.320441186428070068e-02 8.212205022573471069e-02 3.042984940111637115e-02
9.834712147712707520e-01 1.678904891014099121e-01 -2.392840757966041565e-02 6.343983858823776245e-02
9.955748915672302246e-01 -4.053440690040588379e-02 -8.319438993930816650e-02 1.631684042513370514e-02
1.000000000000000000e+00 0.000000000000000000e+00 0.000000000000000000e+00 0.000000000000000000e+00
9.486997723579406738e-01 -1.254728995263576508e-02 3.176591545343399048e-02 -3.143283128738403320e-01
8.652399778366088867e-01 -3.229124700965257944e-08 5.088494345545768738e-02 -4.987690448760986328e-01
9.778407812118530273e-01 -4.428789424082424375e-08 2.124775387346744537e-02 -2.082695066928863525e-01
1.000000000000000000e+00 0.000000000000000000e+00 0.000000000000000000e+00 0.000000000000000000e+00
8.963215351104736328e-01 -1.803522929549217224e-02 4.441065341234207153e-02 -4.408062100410461426e-01
8.428699970245361328e-01 -1.215436373769307465e-08 5.461574718356132507e-02 -5.353385210037231445e-01
9.878797531127929688e-01 5.244040934826443845e-08 1.575406268239021301e-02 -1.544197350740432739e-01
1.000000000000000000e+00 0.000000000000000000e+00 0.000000000000000000e+00 0.000000000000000000e+00
8.605298399925231934e-01 -2.595523558557033539e-02 4.249776154756546021e-02 -5.069602131843566895e-01
8.083921670913696289e-01 -1.152067774512488540e-08 5.974390357732772827e-02 -5.856046676635742188e-01
9.747520089149475098e-01 -1.027104090667307901e-08 2.266264334321022034e-02 -2.221373617649078369e-01
1.000000000000000000e+00 0.000000000000000000e+00 0.000000000000000000e+00 0.000000000000000000e+00
8.035314679145812988e-01 -6.955411285161972046e-02 -2.129705157130956650e-03 -5.911810994148254395e-01
8.474340438842773438e-01 -7.033543880652359803e-08 5.388319864869117737e-02 -5.281592011451721191e-01
9.924292564392089844e-01 -1.994157727835954574e-09 1.246532332152128220e-02 -1.221833303570747375e-01
1.000000000000000000e+00 0.000000000000000000e+00 0.000000000000000000e+00 0.000000000000000000e+00
9.322648048400878906e-01 -3.433515727519989014e-01 -1.001086235046386719e-01 -5.450204014778137207e-02
6.585687994956970215e-01 1.234180554747581482e-01 5.516538619995117188e-01 4.967224597930908203e-01
6.560132503509521484e-01 1.878540842881193385e-07 7.547493577003479004e-01 -1.878547521982909529e-07
8.762690424919128418e-01 -3.881776332855224609e-01 -2.378830313682556152e-01 -1.577413976192474365e-01
8.438882827758789062e-01 -4.484058916568756104e-02 -5.482103209942579269e-03 5.346137285232543945e-01
7.510644793510437012e-01 -3.720010610663848638e-08 -5.330010876059532166e-02 6.580739617347717285e-01
8.665940761566162109e-01 3.868894538072709111e-08 -4.028524458408355713e-02 4.973849654197692871e-01
1.000000000000000000e+00 0.000000000000000000e+00 0.000000000000000000e+00 0.000000000000000000e+00
8.778552412986755371e-01 -3.649705275893211365e-02 -5.767537280917167664e-03 4.774985611438751221e-01
6.450126767158508301e-01 -8.663294970290280617e-09 -6.169141083955764771e-02 7.616776227951049805e-01
9.045471549034118652e-01 2.007721811025930947e-08 -3.442098945379257202e-02 4.249819219112396240e-01
1.000000000000000000e+00 0.000000000000000000e+00 0.000000000000000000e+00 0.000000000000000000e+00
8.987730145454406738e-01 -5.356736946851015091e-04 -6.913294643163681030e-02 4.329289495944976807e-01
5.694785118103027344e-01 3.924949254496823414e-08 -6.636043637990951538e-02 8.193232417106628418e-01
9.865034818649291992e-01 5.660726856149267405e-06 -1.321873906999826431e-02 1.632057875394821167e-01
1.000000000000000000e+00 0.000000000000000000e+00 0.000000000000000000e+00 0.000000000000000000e+00
9.939914345741271973e-01 -6.389431189745664597e-03 1.552431471645832062e-02 1.081630885601043701e-01
9.588575363159179688e-01 -1.966849261236802704e-08 -2.291818894445896149e-02 2.829612493515014648e-01
9.662647843360900879e-01 -3.542104209941498993e-08 -2.079199440777301788e-02 2.567099928855895996e-01
1.000000000000000000e+00 0.000000000000000000e+00 0.000000000000000000e+00 0.000000000000000000e+00
9.921103119850158691e-01 6.852961331605911255e-02 -4.944360628724098206e-02 9.260737150907516479e-02
9.527314305305480957e-01 2.076598703861236572e-01 -1.236682534217834473e-01 -1.840824037790298462e-01
8.713622093200683594e-01 1.127527356147766113e-01 -4.059427082538604736e-01 -2.514463365077972412e-01
1.000000000000000000e+00 0.000000000000000000e+00 0.000000000000000000e+00 0.000000000000000000e+00
9.038033485412597656e-01 -7.383222877979278564e-02 3.955295681953430176e-01 1.457562595605850220e-01
9.822598099708557129e-01 1.873286068439483643e-01 7.483279332518577576e-03 -4.222971387207508087e-03
9.994446039199829102e-01 2.514458820223808289e-02 1.119647454470396042e-02 -1.878589391708374023e-02
1.000000000000000000e+00 -6.687226914436905645e-07 1.458078902061288318e-08 -3.188036856727194390e-08
1.000000000000000000e+00 0.000000000000000000e+00 0.000000000000000000e+00 0.000000000000000000e+00
9.972696304321289062e-01 3.223016113042831421e-02 4.656424745917320251e-02 -4.739477857947349548e-02
9.638925194740295410e-01 2.661121189594268799e-01 -5.161621142178773880e-03 8.316722698509693146e-03
9.713670015335083008e-01 -1.796722114086151123e-01 -1.424097567796707153e-01 6.231763586401939392e-02
1.000000000000000000e+00 -1.789002708392217755e-04 -6.376930627993715461e-08 1.340291433393758780e-08
1.000000000000000000e+00 0.000000000000000000e+00 0.000000000000000000e+00 0.000000000000000000e+00
#New slice
