#Array shape: (1, 67, 4)
9.830713868141174316e-01 1.635406464338302612e-01 -5.681337788701057434e-02 5.997858569025993347e-02
9.944993257522583008e-01 7.714115083217620850e-02 4.131387546658515930e-02 -5.756289884448051453e-02
9.974700212478637695e-01 4.451991524547338486e-03 4.565756022930145264e-02 -5.430592224001884460e-02
9.919900894165039062e-01 -9.729228913784027100e-02 3.728397190570831299e-02 -7.141294330358505249e-02
9.765293002128601074e-01 2.144564539194107056e-01 1.401691325008869171e-02 1.423804834485054016e-02
9.930713176727294922e-01 -1.102990582585334778e-01 2.504161372780799866e-02 -3.188201412558555603e-02
1.000000000000000000e+00 0.000000000000000000e+00 0.000000000000000000e+00 0.000000000000000000e+00
1.000000000000000000e+00 0.000000000000000000e+00 0.000000000000000000e+00 0.000000000000000000e+00
1.000000000000000000e+00 0.000000000000000000e+00 0.000000000000000000e+00 0.000000000000000000e+00
9.983269572257995605e-01 5.988460034132003784e-03 -5.623302981257438660e-02 -1.205404847860336304e-02
8.496016860008239746e-01 -3.936455026268959045e-02 -2.460680305957794189e-01 -4.648418724536895752e-01
5.405383706092834473e-01 1.293972730636596680e-01 -8.160135746002197266e-01 1.587338894605636597e-01
9.827841520309448242e-01 -1.490830630064010620e-01 -1.090970113873481750e-01 -2.718496136367321014e-03
9.969556927680969238e-01 -3.019610419869422913e-02 -6.973887979984283447e-02 -1.743676699697971344e-02
9.714608192443847656e-01 9.188621491193771362e-02 2.121582776308059692e-01 5.300706997513771057e-02
9.765427112579345703e-01 8.341404795646667480e-02 1.925913691520690918e-01 4.811635240912437439e-02
1.000000000000000000e+00 0.000000000000000000e+00 0.000000000000000000e+00 0.000000000000000000e+00
9.372333288192749023e-01 2.931651659309864044e-02 -3.147165849804878235e-02 -3.460404276847839355e-01
9.712202548980712891e-01 -3.729715244844555855e-04 3.502485924400389194e-04 -2.381826639175415039e-01
9.724345803260803223e-01 1.431765704182907939e-04 1.563108380651101470e-04 -2.331758737564086914e-01
1.000000000000000000e+00 0.000000000000000000e+00 0.000000000000000000e+00 0.000000000000000000e+00
9.260814785957336426e-01 -7.746385526843369007e-04 -6.593940407037734985e-02 -3.715167939662933350e-01
9.665668606758117676e-01 -9.346919114250340499e-07 -6.315638893283903599e-05 -2.564150094985961914e-01
9.676344394683837891e-01 -4.729636486899835290e-07 -6.056145866750739515e-05 -2.523562312126159668e-01
1.000000000000000000e+00 0.000000000000000000e+00 0.000000000000000000e+00 0.000000000000000000e+00
8.967668414115905762e-01 -1.949583180248737335e-02 -1.103307604789733887e-01 -4.280844628810882568e-01
9.543710350990295410e-01 -3.098437275639298605e-07 -7.357259164564311504e-05 -2.986237108707427979e-01
9.555656313896179199e-01 -5.552685706788906828e-07 -7.251903298310935497e-05 -2.947784364223480225e-01
1.000000000000000000e+00 0.000000000000000000e+00 0.000000000000000000e+00 0.000000000000000000e+00
8.704157471656799316e-01 -3.954947367310523987e-02 -1.502472609281539917e-01 -4.671595990657806396e-01
9.439218640327453613e-01 1.789665731166678597e-07 -8.123445149976760149e-05 -3.301689326763153076e-01
9.451395273208618164e-01 1.879344901922763711e-09 -8.043591515161097050e-05 -3.266669809818267822e-01
1.000000000000000000e+00 0.000000000000000000e+00 0.000000000000000000e+00 0.000000000000000000e+00
9.945800304412841797e-01 1.702837273478507996e-02 9.900066256523132324e-02 -2.682461775839328766e-02
8.144094944000244141e-01 -3.806638419628143311e-01 3.957709968090057373e-01 1.876107603311538696e-01
9.168739318847656250e-01 7.478154450654983521e-02 3.908157348632812500e-01 -3.182739391922950745e-02
9.947689771652221680e-01 5.917860660701990128e-03 5.092799663543701172e-02 -8.835163712501525879e-02
8.231183290481567383e-01 -1.214607283473014832e-01 -2.059579640626907349e-02 5.543458461761474609e-01
6.417660713195800781e-01 -4.199564084410667419e-02 -4.088048264384269714e-02 7.646577358245849609e-01
7.601609230041503906e-01 6.066556088626384735e-04 -3.409381955862045288e-03 6.497256159782409668e-01
1.000000000000000000e+00 0.000000000000000000e+00 0.000000000000000000e+00 0.000000000000000000e+00
8.222894072532653809e-01 -5.694487318396568298e-02 -5.293988808989524841e-02 5.637329220771789551e-01
7.795795798301696777e-01 5.697368760593235493e-04 -2.585436159279197454e-04 6.263028979301452637e-01
6.776630282402038574e-01 1.679137931205332279e-03 -7.870813831686973572e-03 7.353284955024719238e-01
1.000000000000000000e+00 0.000000000000000000e+00 0.000000000000000000e+00 0.000000000000000000e+00
8.196166753768920898e-01 -1.525844633579254150e-02 -4.445002600550651550e-02 5.709816813468933105e-01
7.451349496841430664e-01 2.708249259740114212e-03 -1.662586233578622341e-03 6.669062376022338867e-01
7.696076035499572754e-01 1.981712644919753075e-03 -3.299159463495016098e-03 6.385055780410766602e-01
1.000000000000000000e+00 0.000000000000000000e+00 0.000000000000000000e+00 0.000000000000000000e+00
8.240489959716796875e-01 9.910263121128082275e-02 -5.034110695123672485e-02 5.555067062377929688e-01
6.665941476821899414e-01 1.408861717209219933e-04 -6.871577934361994267e-04 7.454205751419067383e-01
8.246637582778930664e-01 1.151833450421690941e-03 -1.633842941373586655e-03 5.656199455261230469e-01
1.000000000000000000e+00 0.000000000000000000e+00 0.000000000000000000e+00 0.000000000000000000e+00
9.936231970787048340e-01 2.821932546794414520e-02 -1.087995916604995728e-01 -8.914460428059101105e-03
9.826300144195556641e-01 9.148217737674713135e-02 -1.610424518585205078e-01 -1.160408277064561844e-02
9.282106757164001465e-01 1.188138872385025024e-01 -3.373662829399108887e-01 -1.024319753050804138e-01
1.000000000000000000e+00 0.000000000000000000e+00 0.000000000000000000e+00 0.000000000000000000e+00
8.780692815780639648e-01 -4.755890667438507080e-01 -4.477719590067863464e-02 -2.836137078702449799e-02
9.340938925743103027e-01 3.066145479679107666e-01 -1.716358065605163574e-01 -6.322578340768814087e-02
9.997627735137939453e-01 7.854518480598926544e-03 9.649065323173999786e-04 -2.029165253043174744e-02
9.984817504882812500e-01 -4.037186503410339355e-02 1.749147893860936165e-03 -3.743383288383483887e-02
1.000000000000000000e+00 0.000000000000000000e+00 0.000000000000000000e+00 0.000000000000000000e+00
9.839775562286376953e-01 4.274125024676322937e-02 -1.501421332359313965e-01 -8.613199740648269653e-02
9.664352536201477051e-01 1.775271743535995483e-01 -1.818183064460754395e-01 -3.780347853899002075e-02
9.940437674522399902e-01 1.020473614335060120e-01 -9.435174986720085144e-03 3.707436099648475647e-02
9.695190191268920898e-01 -2.002703547477722168e-01 -2.089608833193778992e-02 1.395995765924453735e-01
1.000000000000000000e+00 0.000000000000000000e+00 0.000000000000000000e+00 0.000000000000000000e+00
#New slice
