#Array shape: (11, 67, 4)
9.319497346878051758e-01 -2.049942612648010254e-01 -2.957269847393035889e-01 4.463833570480346680e-02
9.913367033004760742e-01 1.286583989858627319e-01 1.529561704955995083e-03 -2.638943120837211609e-02
9.650254845619201660e-01 2.551097273826599121e-01 3.911195672117173672e-04 -6.037105619907379150e-02
9.650254845619201660e-01 2.551097571849822998e-01 3.911340609192848206e-04 -6.037104874849319458e-02
9.975330233573913574e-01 1.403336971998214722e-02 3.969029337167739868e-02 -5.617490410804748535e-02
9.976782202720642090e-01 1.926737464964389801e-02 6.364446878433227539e-02 1.471602823585271835e-02
1.000000000000000000e+00 0.000000000000000000e+00 0.000000000000000000e+00 0.000000000000000000e+00
1.000000000000000000e+00 0.000000000000000000e+00 0.000000000000000000e+00 0.000000000000000000e+00
1.000000000000000000e+00 0.000000000000000000e+00 0.000000000000000000e+00 0.000000000000000000e+00
9.992356300354003906e-01 -3.579992800951004028e-02 1.478437799960374832e-02 5.285823252052068710e-03
9.680503606796264648e-01 -2.349291443824768066e-01 8.099758625030517578e-02 3.355883061885833740e-02
9.804916381835937500e-01 -8.457803726196289062e-02 -1.636054515838623047e-01 -6.867448240518569946e-02
9.440044164657592773e-01 -7.170028984546661377e-02 -1.267112046480178833e-01 2.960726916790008545e-01
9.949392080307006836e-01 7.771204411983489990e-02 4.562008008360862732e-02 -4.444806277751922607e-02
9.999723434448242188e-01 -2.922041574493050575e-03 3.059246810153126717e-04 6.837768945842981339e-03
1.000000000000000000e+00 3.913120849574625026e-08 8.078242075271191425e-09 1.828192708330789173e-08
1.000000000000000000e+00 0.000000000000000000e+00 0.000000000000000000e+00 0.000000000000000000e+00
9.975787997245788574e-01 -5.828442517668008804e-03 -6.112350150942802429e-02 -3.266019746661186218e-02
9.897280335426330566e-01 -7.034793379716575146e-04 6.978461053222417831e-03 -1.427913904190063477e-01
1.000000000000000000e+00 2.021193434842416536e-09 9.897836994454678461e-10 7.353870845605570139e-09
1.000000000000000000e+00 0.000000000000000000e+00 0.000000000000000000e+00 0.000000000000000000e+00
9.884602427482604980e-01 6.121378857642412186e-03 8.579599857330322266e-02 -1.246915832161903381e-01
9.817350506782531738e-01 -1.264899037778377533e-03 -1.425404287874698639e-02 -1.897142231464385986e-01
1.000000000000000000e+00 1.943014638072781963e-09 -2.017940481380264828e-08 4.661277586137657636e-09
1.000000000000000000e+00 0.000000000000000000e+00 0.000000000000000000e+00 0.000000000000000000e+00
9.552454352378845215e-01 -1.330275833606719971e-02 1.307524591684341431e-01 -2.650154531002044678e-01
9.609843492507934570e-01 1.688102260231971741e-03 -2.426171489059925079e-02 -2.755315899848937988e-01
1.000000000000000000e+00 2.775557561562891351e-17 7.703719777548943412e-34 2.775557561562891351e-17
1.000000000000000000e+00 0.000000000000000000e+00 0.000000000000000000e+00 0.000000000000000000e+00
9.424881339073181152e-01 -1.402234379202127457e-02 1.638301908969879150e-01 -2.909969985485076904e-01
9.404349923133850098e-01 1.120954379439353943e-02 -4.976777732372283936e-02 -3.361245989799499512e-01
1.000000000000000000e+00 -1.815640193747469766e-09 -1.123388049251161647e-08 2.775164453794332076e-08
1.000000000000000000e+00 0.000000000000000000e+00 0.000000000000000000e+00 0.000000000000000000e+00
9.924988746643066406e-01 -4.526628553867340088e-02 -1.133762598037719727e-01 -6.556298583745956421e-03
9.721484184265136719e-01 -1.983357965946197510e-01 -1.243894696235656738e-01 1.084673777222633362e-02
9.697878956794738770e-01 -3.018671832978725433e-02 2.413170337677001953e-01 1.913911104202270508e-02
9.468096494674682617e-01 -2.173808403313159943e-03 5.325264483690261841e-02 -3.173498213291168213e-01
9.739087820053100586e-01 1.112987287342548370e-02 -9.190621227025985718e-02 2.071986943483352661e-01
9.344139695167541504e-01 1.219978556036949158e-02 6.888764351606369019e-02 3.492512106895446777e-01
1.000000000000000000e+00 -6.401460694860361400e-09 1.093516299732755215e-08 2.598357795591255126e-08
1.000000000000000000e+00 0.000000000000000000e+00 0.000000000000000000e+00 0.000000000000000000e+00
9.800080657005310059e-01 8.579809218645095825e-03 -6.728942692279815674e-02 1.870366930961608887e-01
9.466683864593505859e-01 2.362216822803020477e-03 3.402350470423698425e-02 3.203994333744049072e-01
1.000000000000000000e+00 1.387778780781445676e-17 -2.775557561562891351e-17 1.387778780781445676e-17
1.000000000000000000e+00 0.000000000000000000e+00 0.000000000000000000e+00 0.000000000000000000e+00
9.934823513031005859e-01 -8.563072420656681061e-03 -2.448876202106475830e-02 1.109946146607398987e-01
9.644935727119445801e-01 -1.356781227514147758e-03 1.690315827727317810e-02 2.635613977909088135e-01
1.000000000000000000e+00 -1.448795861058727041e-09 1.151965989265590906e-08 -1.009875205681964871e-08
1.000000000000000000e+00 0.000000000000000000e+00 0.000000000000000000e+00 0.000000000000000000e+00
9.991154670715332031e-01 -9.883616119623184204e-03 -1.020596269518136978e-02 3.958053141832351685e-02
9.890439510345458984e-01 -2.021623513428494334e-04 -9.776065126061439514e-03 1.472973525524139404e-01
1.000000000000000000e+00 5.797751967406838958e-08 -3.435850359778669372e-08 -8.907639625910235281e-10
1.000000000000000000e+00 0.000000000000000000e+00 0.000000000000000000e+00 0.000000000000000000e+00
9.960812330245971680e-01 -7.733264565467834473e-02 -4.291690140962600708e-02 -1.776369208528194577e-05
9.830697774887084961e-01 7.211788743734359741e-02 -1.645618826150894165e-01 -3.594796359539031982e-02
1.000000000000000000e+00 4.172044931749496754e-09 8.764168057950882940e-08 -6.899158222495316295e-08
1.000000000000000000e+00 0.000000000000000000e+00 0.000000000000000000e+00 0.000000000000000000e+00
7.941964864730834961e-01 -5.844831466674804688e-01 1.393106579780578613e-01 9.068589657545089722e-02
4.896212518215179443e-01 8.717874288558959961e-01 7.779708597809076309e-03 1.404620986431837082e-02
9.921769499778747559e-01 -5.236019846051931381e-03 5.964721087366342545e-03 -1.245873868465423584e-01
9.999170303344726562e-01 -1.288125384598970413e-02 3.038777407482484705e-08 -5.812947279082436580e-08
1.000000000000000000e+00 0.000000000000000000e+00 0.000000000000000000e+00 0.000000000000000000e+00
8.021360039710998535e-01 -5.592126250267028809e-01 -1.671756953001022339e-01 -1.261409819126129150e-01
4.217859208583831787e-01 8.986130952835083008e-01 4.428339004516601562e-02 1.123848930001258850e-01
9.557840824127197266e-01 2.371568977832794189e-01 -1.181925460696220398e-02 1.734759509563446045e-01
9.997008442878723145e-01 2.445870079100131989e-02 -6.731633561685157474e-08 6.328767199192952830e-08
1.000000000000000000e+00 0.000000000000000000e+00 0.000000000000000000e+00 0.000000000000000000e+00
#New slice
9.377536773681640625e-01 -1.835015416145324707e-01 -2.906257808208465576e-01 4.982107132673263550e-02
9.923101067543029785e-01 1.214060932397842407e-01 -5.722686764784157276e-04 -2.410273812711238861e-02
9.692047834396362305e-01 2.409543693065643311e-01 -2.358064521104097366e-03 -5.077131465077400208e-02
9.692047238349914551e-01 2.409542948007583618e-01 -2.358068013563752174e-03 -5.077127739787101746e-02
9.976478219032287598e-01 4.894457757472991943e-03 4.132352769374847412e-02 -5.447283014655113220e-02
9.968984723091125488e-01 2.252017520368099213e-02 7.407593727111816406e-02 1.410830207169055939e-02
1.000000000000000000e+00 0.000000000000000000e+00 0.000000000000000000e+00 0.000000000000000000e+00
1.000000000000000000e+00 0.000000000000000000e+00 0.000000000000000000e+00 0.000000000000000000e+00
1.000000000000000000e+00 0.000000000000000000e+00 0.000000000000000000e+00 0.000000000000000000e+00
9.993941187858581543e-01 -3.457478806376457214e-02 3.526932559907436371e-03 1.871055806986987591e-03
9.657229781150817871e-01 -2.458247542381286621e-01 6.165505945682525635e-02 5.610667541623115540e-02
9.822092652320861816e-01 -5.503679066896438599e-02 -1.674424260854721069e-01 -6.479930877685546875e-02
9.452114701271057129e-01 -4.369105026125907898e-02 -1.321462541818618774e-01 2.953028082847595215e-01
9.956792593002319336e-01 7.193857431411743164e-02 3.481044992804527283e-02 -4.728567600250244141e-02
9.999723434448242188e-01 -2.922041574493050575e-03 3.059246810153126717e-04 6.837768945842981339e-03
1.000000000000000000e+00 3.913120849574625026e-08 8.078242075271191425e-09 1.828192708330789173e-08
1.000000000000000000e+00 0.000000000000000000e+00 0.000000000000000000e+00 0.000000000000000000e+00
9.972950816154479980e-01 -6.040517240762710571e-03 -6.594331562519073486e-02 -3.189875930547714233e-02
9.897566437721252441e-01 -7.028401014395058155e-04 6.975381169468164444e-03 -1.425927430391311646e-01
1.000000000000000000e+00 2.021193434842416536e-09 9.897836994454678461e-10 7.353870845605570139e-09
1.000000000000000000e+00 0.000000000000000000e+00 0.000000000000000000e+00 0.000000000000000000e+00
9.901489615440368652e-01 6.375780794769525528e-03 8.002748340368270874e-02 -1.147169545292854309e-01
9.834878444671630859e-01 -1.248604850843548775e-03 -1.322956755757331848e-02 -1.804862767457962036e-01
1.000000000000000000e+00 1.943014638072781963e-09 -2.017940481380264828e-08 4.661277586137657636e-09
1.000000000000000000e+00 0.000000000000000000e+00 0.000000000000000000e+00 0.000000000000000000e+00
9.592470526695251465e-01 -1.138698961585760117e-02 1.305248290300369263e-01 -2.503570914268493652e-01
9.650768637657165527e-01 1.581559889018535614e-03 -2.339066378772258759e-02 -2.609157562255859375e-01
1.000000000000000000e+00 2.775557561562891351e-17 7.703719777548943412e-34 2.775557561562891351e-17
1.000000000000000000e+00 0.000000000000000000e+00 0.000000000000000000e+00 0.000000000000000000e+00
9.469817280769348145e-01 -1.103963516652584076e-02 1.649242341518402100e-01 -2.755063474178314209e-01
9.458602666854858398e-01 1.051574014127254486e-02 -4.960749670863151550e-02 -3.205884099006652832e-01
1.000000000000000000e+00 -1.815640193747469766e-09 -1.123388049251161647e-08 2.775164453794332076e-08
1.000000000000000000e+00 0.000000000000000000e+00 0.000000000000000000e+00 0.000000000000000000e+00
9.927677512168884277e-01 -4.462831094861030579e-02 -1.110909134149551392e-01 -8.909714408218860626e-03
9.725108146667480469e-01 -1.996039897203445435e-01 -1.192056015133857727e-01 -1.307588815689086914e-02
9.615629315376281738e-01 1.596676558256149292e-02 2.739912867546081543e-01 8.401865139603614807e-03
9.536731243133544922e-01 5.859231948852539062e-02 4.686163738369941711e-02 -2.913394868373870850e-01
9.755467772483825684e-01 1.486936490982770920e-02 -9.739834815263748169e-02 1.964718550443649292e-01
9.413985013961791992e-01 1.135059166699647903e-02 6.765539199113845825e-02 3.302464485168457031e-01
1.000000000000000000e+00 -6.401460694860361400e-09 1.093516299732755215e-08 2.598357795591255126e-08
1.000000000000000000e+00 0.000000000000000000e+00 0.000000000000000000e+00 0.000000000000000000e+00
9.819279909133911133e-01 9.521522559225559235e-03 -6.821005791425704956e-02 1.762792170047760010e-01
9.501237273216247559e-01 2.286594128236174583e-03 3.315757960081100464e-02 3.100970983505249023e-01
1.000000000000000000e+00 1.387778780781445676e-17 -2.775557561562891351e-17 1.387778780781445676e-17
1.000000000000000000e+00 0.000000000000000000e+00 0.000000000000000000e+00 0.000000000000000000e+00
9.942306280136108398e-01 -8.322600275278091431e-03 -2.513139322400093079e-02 1.039462685585021973e-01
9.663152098655700684e-01 -1.339128590188920498e-03 1.628653891384601593e-02 2.568421065807342529e-01
1.000000000000000000e+00 -1.448795861058727041e-09 1.151965989265590906e-08 -1.009875205681964871e-08
1.000000000000000000e+00 0.000000000000000000e+00 0.000000000000000000e+00 0.000000000000000000e+00
9.991892576217651367e-01 -1.010669022798538208e-02 -3.662039292976260185e-03 3.879772499203681946e-02
9.890654683113098145e-01 -2.016950893448665738e-04 -9.770746342837810516e-03 1.471531689167022705e-01
1.000000000000000000e+00 5.797751967406838958e-08 -3.435850359778669372e-08 -8.907639625910235281e-10
1.000000000000000000e+00 0.000000000000000000e+00 0.000000000000000000e+00 0.000000000000000000e+00
9.960660934448242188e-01 -8.253759145736694336e-02 -3.223525732755661011e-02 8.950667688623070717e-04
9.851761460304260254e-01 6.716284900903701782e-02 -1.540705263614654541e-01 -3.434247151017189026e-02
1.000000000000000000e+00 4.172044931749496754e-09 8.764168057950882940e-08 -6.899158222495316295e-08
1.000000000000000000e+00 0.000000000000000000e+00 0.000000000000000000e+00 0.000000000000000000e+00
8.131549358367919922e-01 -5.598004460334777832e-01 1.333776861429214478e-01 8.725234866142272949e-02
5.206166505813598633e-01 8.537318706512451172e-01 -3.204993205145001411e-03 -9.495930746197700500e-03
9.939013719558715820e-01 -3.668321529403328896e-03 3.652415936812758446e-03 -1.101518794894218445e-01
9.998834729194641113e-01 -1.469523552805185318e-02 -9.626464452594518661e-04 4.023275803774595261e-03
1.000000000000000000e+00 0.000000000000000000e+00 0.000000000000000000e+00 0.000000000000000000e+00
8.161200881004333496e-01 -5.393732190132141113e-01 -1.605416536331176758e-01 -1.313426941633224487e-01
4.450774788856506348e-01 8.878561854362487793e-01 3.719466552138328552e-02 1.106075569987297058e-01
9.564514756202697754e-01 2.234515994787216187e-01 -1.939705014228820801e-02 1.867985725402832031e-01
9.996399879455566406e-01 2.675708755850791931e-02 -1.987819094210863113e-03 -2.120630233548581600e-04
1.000000000000000000e+00 0.000000000000000000e+00 0.000000000000000000e+00 0.000000000000000000e+00
#New slice
9.446432590484619141e-01 -1.491114199161529541e-01 -2.863080203533172607e-01 5.867361277341842651e-02
9.937135577201843262e-01 1.097667440772056580e-01 -3.287676954641938210e-03 -2.177135460078716278e-02
9.750494956970214844e-01 2.181778997182846069e-01 -6.639849860221147537e-03 -4.040797427296638489e-02
9.750494956970214844e-01 2.181778401136398315e-01 -6.639874540269374847e-03 -4.040794074535369873e-02
9.977966547012329102e-01 -6.384062580764293671e-03 4.278610646724700928e-02 -5.030569806694984436e-02
9.957005381584167480e-01 3.135161846876144409e-02 8.678190410137176514e-02 8.147955872118473053e-03
1.000000000000000000e+00 0.000000000000000000e+00 0.000000000000000000e+00 0.000000000000000000e+00
1.000000000000000000e+00 0.000000000000000000e+00 0.000000000000000000e+00 0.000000000000000000e+00
1.000000000000000000e+00 0.000000000000000000e+00 0.000000000000000000e+00 0.000000000000000000e+00
9.994307160377502441e-01 -3.315409272909164429e-02 -6.263594608753919601e-03 1.984250266104936600e-04
9.621379375457763672e-01 -2.558960914611816406e-01 5.058515444397926331e-02 7.905033975839614868e-02
9.789273738861083984e-01 -2.693110145628452301e-02 -1.919202804565429688e-01 -6.436239928007125854e-02
9.529798030853271484e-01 -1.800290308892726898e-02 -1.319744586944580078e-01 2.721913754940032959e-01
9.964449405670166016e-01 6.372430920600891113e-02 1.913696713745594025e-02 -5.167724937200546265e-02
9.999723434448242188e-01 -2.922041574493050575e-03 3.059246810153126717e-04 6.837768945842981339e-03
1.000000000000000000e+00 3.913120849574625026e-08 8.078242075271191425e-09 1.828192708330789173e-08
1.000000000000000000e+00 0.000000000000000000e+00 0.000000000000000000e+00 0.000000000000000000e+00
9.968431591987609863e-01 -6.352481897920370102e-03 -7.294623553752899170e-02 -3.069897182285785675e-02
9.898077845573425293e-01 -6.979085737839341164e-04 6.992739625275135040e-03 -1.422362923622131348e-01
1.000000000000000000e+00 2.021193434842416536e-09 9.897836994454678461e-10 7.353870845605570139e-09
1.000000000000000000e+00 0.000000000000000000e+00 0.000000000000000000e+00 0.000000000000000000e+00
9.923574924468994141e-01 6.939229089766740799e-03 7.168830186128616333e-02 -1.001960039138793945e-01
9.858477711677551270e-01 -1.155767473392188549e-03 -1.175980921834707260e-02 -1.672261506319046021e-01
1.000000000000000000e+00 1.943014638072781963e-09 -2.017940481380264828e-08 4.661277586137657636e-09
1.000000000000000000e+00 0.000000000000000000e+00 0.000000000000000000e+00 0.000000000000000000e+00
9.646002054214477539e-01 -8.526711724698543549e-03 1.301576793193817139e-01 -2.292006611824035645e-01
9.705439209938049316e-01 1.429147552698850632e-03 -2.213646285235881805e-02 -2.399009615182876587e-01
1.000000000000000000e+00 2.775557561562891351e-17 7.703719777548943412e-34 2.775557561562891351e-17
1.000000000000000000e+00 0.000000000000000000e+00 0.000000000000000000e+00 0.000000000000000000e+00
9.529519677162170410e-01 -6.713962648063898087e-03 1.664301306009292603e-01 -2.532559335231781006e-01
9.531947374343872070e-01 9.516444057226181030e-03 -4.935553669929504395e-02 -2.981498241424560547e-01
1.000000000000000000e+00 -1.815640193747469766e-09 -1.123388049251161647e-08 2.775164453794332076e-08
1.000000000000000000e+00 0.000000000000000000e+00 0.000000000000000000e+00 0.000000000000000000e+00
9.936197400093078613e-01 -4.292843863368034363e-02 -1.042326167225837708e-01 -3.554143244400620461e-03
9.748833179473876953e-01 -1.885432451963424683e-01 -1.099516302347183228e-01 -4.432355239987373352e-02
9.527881145477294922e-01 7.949934899806976318e-02 2.929522395133972168e-01 7.327498868107795715e-03
9.496676325798034668e-01 1.119311153888702393e-01 4.404401779174804688e-02 -2.892454564571380615e-01
9.776049852371215820e-01 2.009535953402519226e-02 -1.053821220993995667e-01 1.810505390167236328e-01
9.507430195808410645e-01 1.012365613132715225e-02 6.583749502897262573e-02 3.027389645576477051e-01
1.000000000000000000e+00 -6.401460694860361400e-09 1.093516299732755215e-08 2.598357795591255126e-08
1.000000000000000000e+00 0.000000000000000000e+00 0.000000000000000000e+00 0.000000000000000000e+00
9.845033288002014160e-01 1.088042743504047394e-02 -6.953659653663635254e-02 1.606228649616241455e-01
9.548127055168151855e-01 2.183088101446628571e-03 3.192559257149696350e-02 2.954804599285125732e-01
1.000000000000000000e+00 1.387778780781445676e-17 -2.775557561562891351e-17 1.387778780781445676e-17
1.000000000000000000e+00 0.000000000000000000e+00 0.000000000000000000e+00 0.000000000000000000e+00
9.952298402786254883e-01 -7.966029457747936249e-03 -2.608017250895500183e-02 9.366919845342636108e-02
9.687927365303039551e-01 -1.270534237846732140e-03 1.541774347424507141e-02 2.473894506692886353e-01
1.000000000000000000e+00 -1.448795861058727041e-09 1.151965989265590906e-08 -1.009875205681964871e-08
1.000000000000000000e+00 0.000000000000000000e+00 0.000000000000000000e+00 0.000000000000000000e+00
9.992220401763916016e-01 -1.045853272080421448e-02 5.794465076178312302e-03 3.758165612816810608e-02
9.891044497489929199e-01 -2.009677118621766567e-04 -9.761015884578227997e-03 1.468912214040756226e-01
1.000000000000000000e+00 5.797751967406838958e-08 -3.435850359778669372e-08 -8.907639625910235281e-10
1.000000000000000000e+00 0.000000000000000000e+00 0.000000000000000000e+00 0.000000000000000000e+00
9.957846999168395996e-01 -9.014817327260971069e-02 -1.677039824426174164e-02 2.212525345385074615e-03
9.879465103149414062e-01 6.006099656224250793e-02 -1.390241086483001709e-01 -3.204174339771270752e-02
1.000000000000000000e+00 4.172044931749496754e-09 8.764168057950882940e-08 -6.899158222495316295e-08
1.000000000000000000e+00 0.000000000000000000e+00 0.000000000000000000e+00 0.000000000000000000e+00
8.354641795158386230e-01 -5.290989875793457031e-01 1.255088299512863159e-01 7.938133180141448975e-02
5.793291330337524414e-01 8.136696219444274902e-01 -1.908118464052677155e-02 -4.422339797019958496e-02
9.950726628303527832e-01 1.270503853447735310e-03 1.328896498307585716e-03 -9.913141280412673950e-02
9.998697042465209961e-01 -1.515998970717191696e-02 -1.955067506060004234e-03 5.187772680073976517e-03
1.000000000000000000e+00 0.000000000000000000e+00 0.000000000000000000e+00 0.000000000000000000e+00
8.320350646972656250e-01 -5.091344714164733887e-01 -1.587142497301101685e-01 -1.526747494935989380e-01
4.872521162033081055e-01 8.622506856918334961e-01 4.024500772356987000e-02 1.322480738162994385e-01
9.582003355026245117e-01 1.993177086114883423e-01 -2.751686051487922668e-02 2.033901661634445190e-01
9.995957016944885254e-01 2.786886505782604218e-02 -5.589835811406373978e-03 -7.774999248795211315e-04
1.000000000000000000e+00 0.000000000000000000e+00 0.000000000000000000e+00 0.000000000000000000e+00
#New slice
9.508711099624633789e-01 -1.062726005911827087e-01 -2.836082577705383301e-01 6.416091322898864746e-02
9.952981472015380859e-01 9.484963864088058472e-02 -6.528655532747507095e-03 -1.850983500480651855e-02
9.814532995223999023e-01 1.888633370399475098e-01 -1.261834986507892609e-02 -3.034927509725093842e-02
9.814532995223999023e-01 1.888632178306579590e-01 -1.261833030730485916e-02 -3.034933842718601227e-02
9.976310729980468750e-01 -1.714081317186355591e-02 4.529092833399772644e-02 -4.885876178741455078e-02
9.934426546096801758e-01 5.343335121870040894e-02 1.009847447276115417e-01 4.315896891057491302e-03
1.000000000000000000e+00 0.000000000000000000e+00 0.000000000000000000e+00 0.000000000000000000e+00
1.000000000000000000e+00 0.000000000000000000e+00 0.000000000000000000e+00 0.000000000000000000e+00
1.000000000000000000e+00 0.000000000000000000e+00 0.000000000000000000e+00 0.000000000000000000e+00
9.993814229965209961e-01 -3.222009539604187012e-02 -1.278463751077651978e-02 -5.938559304922819138e-03
9.573150873184204102e-01 -2.668619751930236816e-01 2.423596382141113281e-02 1.083750128746032715e-01
9.751878380775451660e-01 5.477882456034421921e-03 -2.102455049753189087e-01 -6.910502165555953979e-02
9.596422314643859863e-01 -2.030991017818450928e-03 -1.181446164846420288e-01 2.551954388618469238e-01
9.969276189804077148e-01 5.387422814965248108e-02 3.974540741182863712e-04 -5.685757473111152649e-02
9.999723434448242188e-01 -2.922041574493050575e-03 3.059246810153126717e-04 6.837768945842981339e-03
1.000000000000000000e+00 3.913120849574625026e-08 8.078242075271191425e-09 1.828192708330789173e-08
1.000000000000000000e+00 0.000000000000000000e+00 0.000000000000000000e+00 0.000000000000000000e+00
9.962360262870788574e-01 -6.724928505718708038e-03 -8.129796385765075684e-02 -2.931316196918487549e-02
9.898629188537597656e-01 -6.874279351904988289e-04 7.041502743959426880e-03 -1.418498009443283081e-01
1.000000000000000000e+00 2.021193434842416536e-09 9.897836994454678461e-10 7.353870845605570139e-09
1.000000000000000000e+00 0.000000000000000000e+00 0.000000000000000000e+00 0.000000000000000000e+00
9.946185350418090820e-01 7.903234101831912994e-03 6.164998561143875122e-02 -8.289023488759994507e-02
9.884276390075683594e-01 -1.041798852384090424e-03 -1.000240258872509003e-02 -1.513594388961791992e-01
1.000000000000000000e+00 1.943014638072781963e-09 -2.017940481380264828e-08 4.661277586137657636e-09
1.000000000000000000e+00 0.000000000000000000e+00 0.000000000000000000e+00 0.000000000000000000e+00
9.703824520111083984e-01 -5.008452571928501129e-03 1.295950412750244141e-01 -2.038090825080871582e-01
9.764734506607055664e-01 1.245291554369032383e-03 -2.062433958053588867e-02 -2.146459966897964478e-01
1.000000000000000000e+00 2.775557561562891351e-17 7.703719777548943412e-34 2.775557561562891351e-17
1.000000000000000000e+00 0.000000000000000000e+00 0.000000000000000000e+00 0.000000000000000000e+00
9.593978524208068848e-01 -1.559020485728979111e-03 1.681079417467117310e-01 -2.264797240495681763e-01
9.612570405006408691e-01 8.314940147101879120e-03 -4.901825264096260071e-02 -2.711327672004699707e-01
1.000000000000000000e+00 -1.815640193747469766e-09 -1.123388049251161647e-08 2.775164453794332076e-08
1.000000000000000000e+00 0.000000000000000000e+00 0.000000000000000000e+00 0.000000000000000000e+00
9.947381019592285156e-01 -4.046228528022766113e-02 -9.376539289951324463e-02 8.185378275811672211e-03
9.790686368942260742e-01 -1.688613891601562500e-01 -8.886609971523284912e-02 -7.080497592687606812e-02
9.420718550682067871e-01 1.471925824880599976e-01 3.006000816822052002e-01 2.178406715393066406e-02
9.373471140861511230e-01 1.383371502161026001e-01 4.210783541202545166e-02 -3.169706165790557861e-01
9.796223640441894531e-01 2.605673111975193024e-02 -1.150169447064399719e-01 1.625797152519226074e-01
9.608487486839294434e-01 8.643675595521926880e-03 6.359046697616577148e-02 2.695389389991760254e-01
1.000000000000000000e+00 -6.401460694860361400e-09 1.093516299732755215e-08 2.598357795591255126e-08
1.000000000000000000e+00 0.000000000000000000e+00 0.000000000000000000e+00 0.000000000000000000e+00
9.872455596923828125e-01 1.249544136226177216e-02 -7.109820097684860229e-02 1.418988108634948730e-01
9.601268172264099121e-01 2.058279467746615410e-03 3.043865598738193512e-02 2.778952419757843018e-01
1.000000000000000000e+00 1.387778780781445676e-17 -2.775557561562891351e-17 1.387778780781445676e-17
1.000000000000000000e+00 0.000000000000000000e+00 0.000000000000000000e+00 0.000000000000000000e+00
9.962804913520812988e-01 -7.534878328442573547e-03 -2.719973959028720856e-02 8.141590654850006104e-02
9.716356992721557617e-01 -1.190026174299418926e-03 1.437550969421863556e-02 2.360422611236572266e-01
1.000000000000000000e+00 -1.448795861058727041e-09 1.151965989265590906e-08 -1.009875205681964871e-08
1.000000000000000000e+00 0.000000000000000000e+00 0.000000000000000000e+00 0.000000000000000000e+00
9.991399645805358887e-01 -1.091946661472320557e-02 1.709743589162826538e-02 3.616432473063468933e-02
9.891465306282043457e-01 -2.003410336328670382e-04 -9.750468656420707703e-03 1.466091126203536987e-01
1.000000000000000000e+00 5.797751967406838958e-08 -3.435850359778669372e-08 -8.907639625910235281e-10
1.000000000000000000e+00 0.000000000000000000e+00 0.000000000000000000e+00 0.000000000000000000e+00
9.950614571571350098e-01 -9.917228668928146362e-02 1.705751055851578712e-03 3.834535833448171616e-03
9.908823966979980469e-01 5.156594887375831604e-02 -1.209763288497924805e-01 -2.928840368986129761e-02
1.000000000000000000e+00 4.172044931749496754e-09 8.764168057950882940e-08 -6.899158222495316295e-08
1.000000000000000000e+00 0.000000000000000000e+00 0.000000000000000000e+00 0.000000000000000000e+00
8.581218719482421875e-01 -4.946634173393249512e-01 1.160530000925064087e-01 7.393831014633178711e-02
6.580134034156799316e-01 7.496217489242553711e-01 -2.847022190690040588e-02 -6.538440287113189697e-02
9.956374764442443848e-01 1.422084681689739227e-02 -7.342646713368594646e-04 -9.221305698156356812e-02
9.999293684959411621e-01 -1.178733073174953461e-02 -1.506411004811525345e-03 2.625960332807153463e-04
1.000000000000000000e+00 0.000000000000000000e+00 0.000000000000000000e+00 0.000000000000000000e+00
8.502248525619506836e-01 -4.652329683303833008e-01 -1.680745333433151245e-01 -1.800748407840728760e-01
5.482870340347290039e-01 8.203362822532653809e-01 4.133766517043113708e-02 1.572294980287551880e-01
9.624814987182617188e-01 1.718060225248336792e-01 -3.625699132680892944e-02 2.068756669759750366e-01
9.993539452552795410e-01 3.575952351093292236e-02 -3.442931920289993286e-03 -1.050557359121739864e-03
1.000000000000000000e+00 0.000000000000000000e+00 0.000000000000000000e+00 0.000000000000000000e+00
#New slice
9.554871320724487305e-01 -5.955874174833297729e-02 -2.823631465435028076e-01 6.138713657855987549e-02
9.968230128288269043e-01 7.778713107109069824e-02 -7.651445921510457993e-03 -1.531467866152524948e-02
9.875364303588867188e-01 1.551606208086013794e-01 -1.499371323734521866e-02 -2.173423394560813904e-02
9.875364303588867188e-01 1.551606208086013794e-01 -1.499365642666816711e-02 -2.173422463238239288e-02
9.974197149276733398e-01 -2.599094249308109283e-02 4.659939557313919067e-02 -4.802988842129707336e-02
9.895155429840087891e-01 8.994683623313903809e-02 1.127514317631721497e-01 7.471453864127397537e-03
1.000000000000000000e+00 0.000000000000000000e+00 0.000000000000000000e+00 0.000000000000000000e+00
1.000000000000000000e+00 0.000000000000000000e+00 0.000000000000000000e+00 0.000000000000000000e+00
1.000000000000000000e+00 0.000000000000000000e+00 0.000000000000000000e+00 0.000000000000000000e+00
9.991312026977539062e-01 -3.183984756469726562e-02 -1.669285260140895844e-02 -2.108087576925754547e-02
9.495153427124023438e-01 -2.835511863231658936e-01 -1.956050284206867218e-02 1.328035295009613037e-01
9.706596732139587402e-01 4.464961588382720947e-02 -2.251727432012557983e-01 -7.157871872186660767e-02
9.634605646133422852e-01 9.348649531602859497e-03 -9.364415705204010010e-02 2.507731020450592041e-01
9.969292283058166504e-01 4.326625540852546692e-02 -1.961074396967887878e-02 -6.225585192441940308e-02
9.999723434448242188e-01 -2.922041574493050575e-03 3.059246810153126717e-04 6.837768945842981339e-03
1.000000000000000000e+00 3.913120849574625026e-08 8.078242075271191425e-09 1.828192708330789173e-08
1.000000000000000000e+00 0.000000000000000000e+00 0.000000000000000000e+00 0.000000000000000000e+00
9.955082535743713379e-01 -7.111420854926109314e-03 -9.016277641057968140e-02 -2.799313701689243317e-02
9.899045228958129883e-01 -6.815061788074672222e-04 7.066882215440273285e-03 -1.415577381849288940e-01
1.000000000000000000e+00 2.021193434842416536e-09 9.897836994454678461e-10 7.353870845605570139e-09
1.000000000000000000e+00 0.000000000000000000e+00 0.000000000000000000e+00 0.000000000000000000e+00
9.965760111808776855e-01 9.285179898142814636e-03 5.080549418926239014e-02 -6.456826627254486084e-02
9.908897280693054199e-01 -9.198612533509731293e-04 -8.129171095788478851e-03 -1.344272941350936890e-01
1.000000000000000000e+00 1.943014638072781963e-09 -2.017940481380264828e-08 4.661277586137657636e-09
1.000000000000000000e+00 0.000000000000000000e+00 0.000000000000000000e+00 0.000000000000000000e+00
9.758146405220031738e-01 -1.139165717177093029e-03 1.288016140460968018e-01 -1.766200959682464600e-01
9.820746183395385742e-01 1.048941514454782009e-03 -1.899446919560432434e-02 -1.875307559967041016e-01
1.000000000000000000e+00 2.775557561562891351e-17 7.703719777548943412e-34 2.775557561562891351e-17
1.000000000000000000e+00 0.000000000000000000e+00 0.000000000000000000e+00 0.000000000000000000e+00
9.654543399810791016e-01 3.907301463186740875e-03 1.697252541780471802e-01 -1.976764351129531860e-01
9.690113067626953125e-01 7.027218583971261978e-03 -4.861529916524887085e-02 -2.420831918716430664e-01
1.000000000000000000e+00 -1.815640193747469766e-09 -1.123388049251161647e-08 2.775164453794332076e-08
1.000000000000000000e+00 0.000000000000000000e+00 0.000000000000000000e+00 0.000000000000000000e+00
9.955433607101440430e-01 -3.737830743193626404e-02 -8.293286710977554321e-02 2.487271837890148163e-02
9.847910404205322266e-01 -1.422010958194732666e-01 -5.991307646036148071e-02 -7.984899729490280151e-02
9.294961094856262207e-01 1.979650855064392090e-01 3.076663017272949219e-01 4.677958786487579346e-02
9.217302799224853516e-01 1.328330785036087036e-01 3.219117596745491028e-02 -3.629495799541473389e-01
9.812443256378173828e-01 3.205459564924240112e-02 -1.254204064607620239e-01 1.428347826004028320e-01
9.703511595726013184e-01 7.050040178000926971e-03 6.110549718141555786e-02 2.337413877248764038e-01
1.000000000000000000e+00 -6.401460694860361400e-09 1.093516299732755215e-08 2.598357795591255126e-08
1.000000000000000000e+00 0.000000000000000000e+00 0.000000000000000000e+00 0.000000000000000000e+00
9.897656440734863281e-01 1.419915631413459778e-02 -7.273527234792709351e-02 1.219505742192268372e-01
9.654636383056640625e-01 1.924461452290415764e-03 2.883031219244003296e-02 2.589309215545654297e-01
1.000000000000000000e+00 1.387778780781445676e-17 -2.775557561562891351e-17 1.387778780781445676e-17
1.000000000000000000e+00 0.000000000000000000e+00 0.000000000000000000e+00 0.000000000000000000e+00
9.972271323204040527e-01 -7.073665037751197815e-03 -2.835992909967899323e-02 6.843811273574829102e-02
9.745382666587829590e-01 -1.104392693378031254e-03 1.325459033250808716e-02 2.238264679908752441e-01
1.000000000000000000e+00 -1.448795861058727041e-09 1.151965989265590906e-08 -1.009875205681964871e-08
1.000000000000000000e+00 0.000000000000000000e+00 0.000000000000000000e+00 0.000000000000000000e+00
9.989036321640014648e-01 -1.145005505532026291e-02 2.917704544961452484e-02 3.477530181407928467e-02
9.891780614852905273e-01 -1.996740757022053003e-04 -9.742573834955692291e-03 1.463963091373443604e-01
1.000000000000000000e+00 5.797751967406838958e-08 -3.435850359778669372e-08 -8.907639625910235281e-10
1.000000000000000000e+00 0.000000000000000000e+00 0.000000000000000000e+00 0.000000000000000000e+00
9.938374757766723633e-01 -1.086084246635437012e-01 2.143448777496814728e-02 5.644625984132289886e-03
9.935670495033264160e-01 4.244323819875717163e-02 -1.016389578580856323e-01 -2.632126212120056152e-02
1.000000000000000000e+00 4.172044931749496754e-09 8.764168057950882940e-08 -6.899158222495316295e-08
1.000000000000000000e+00 0.000000000000000000e+00 0.000000000000000000e+00 0.000000000000000000e+00
8.891819715499877930e-01 -4.406752884387969971e-01 1.012051627039909363e-01 7.013075798749923706e-02
7.644448280334472656e-01 6.397648453712463379e-01 -3.758185729384422302e-02 -7.009075582027435303e-02
9.940684437751770020e-01 3.359680622816085815e-02 -1.652014092542231083e-03 -1.034247353672981262e-01
9.999492764472961426e-01 -5.242937244474887848e-03 4.850157129112631083e-04 -8.588981814682483673e-03
1.000000000000000000e+00 0.000000000000000000e+00 0.000000000000000000e+00 0.000000000000000000e+00
8.783109784126281738e-01 -3.768852353096008301e-01 -1.947035491466522217e-01 -2.204946279525756836e-01
6.467064619064331055e-01 7.440191507339477539e-01 1.817979291081428528e-02 1.669602394104003906e-01
9.733599424362182617e-01 1.192092299461364746e-01 -3.894983232021331787e-02 1.919442266225814819e-01
9.989669919013977051e-01 4.534838721156120300e-02 2.103525912389159203e-03 -2.060537226498126984e-03
1.000000000000000000e+00 0.000000000000000000e+00 0.000000000000000000e+00 0.000000000000000000e+00
#New slice
9.573296904563903809e-01 -3.036796115338802338e-02 -2.820904552936553955e-01 5.498071759939193726e-02
9.978145360946655273e-01 6.459505856037139893e-02 -5.434991791844367981e-03 -1.280904002487659454e-02
9.914600253105163574e-01 1.289866715669631958e-01 -1.170877553522586823e-02 -1.524443458765745163e-02
9.914600253105163574e-01 1.289867013692855835e-01 -1.170878391712903976e-02 -1.524441782385110855e-02
9.976751208305358887e-01 -3.305900096893310547e-02 4.311486706137657166e-02 -4.114203527569770813e-02
9.837436079978942871e-01 1.347677856683731079e-01 1.175231710076332092e-01 1.656624861061573029e-02
1.000000000000000000e+00 0.000000000000000000e+00 0.000000000000000000e+00 0.000000000000000000e+00
1.000000000000000000e+00 0.000000000000000000e+00 0.000000000000000000e+00 0.000000000000000000e+00
1.000000000000000000e+00 0.000000000000000000e+00 0.000000000000000000e+00 0.000000000000000000e+00
9.983837008476257324e-01 -3.152649849653244019e-02 -2.069153450429439545e-02 -4.252022504806518555e-02
9.403103590011596680e-01 -3.067977428436279297e-01 -4.721266403794288635e-02 1.395082771778106689e-01
9.612565040588378906e-01 8.271392434835433960e-02 -2.534410059452056885e-01 -7.008557766675949097e-02
9.648762345314025879e-01 2.659274823963642120e-02 -7.320491224527359009e-02 2.508943080902099609e-01
9.964265823364257812e-01 3.278889507055282593e-02 -3.908171877264976501e-02 -6.731738150119781494e-02
9.999723434448242188e-01 -2.922041574493050575e-03 3.059246810153126717e-04 6.837768945842981339e-03
1.000000000000000000e+00 3.913120849574625026e-08 8.078242075271191425e-09 1.828192708330789173e-08
1.000000000000000000e+00 0.000000000000000000e+00 0.000000000000000000e+00 0.000000000000000000e+00
9.947225451469421387e-01 -7.462485693395137787e-03 -9.870643913745880127e-02 -2.699317783117294312e-02
9.899145364761352539e-01 -6.795265362598001957e-04 7.076194975525140762e-03 -1.414875388145446777e-01
1.000000000000000000e+00 2.021193434842416536e-09 9.897836994454678461e-10 7.353870845605570139e-09
1.000000000000000000e+00 0.000000000000000000e+00 0.000000000000000000e+00 0.000000000000000000e+00
9.980301260948181152e-01 1.098403241485357285e-02 4.007312282919883728e-02 -4.700553044676780701e-02
9.929937720298767090e-01 -8.063000277616083622e-04 -6.313078105449676514e-03 -1.179949864745140076e-01
1.000000000000000000e+00 1.943014638072781963e-09 -2.017940481380264828e-08 4.661277586137657636e-09
1.000000000000000000e+00 0.000000000000000000e+00 0.000000000000000000e+00 0.000000000000000000e+00
9.803695678710937500e-01 2.727616345509886742e-03 1.277845501899719238e-01 -1.501306742429733276e-01
9.868000149726867676e-01 8.586568292230367661e-04 -1.739534176886081696e-02 -1.610050201416015625e-01
1.000000000000000000e+00 2.775557561562891351e-17 7.703719777548943412e-34 2.775557561562891351e-17
1.000000000000000000e+00 0.000000000000000000e+00 0.000000000000000000e+00 0.000000000000000000e+00
9.705352783203125000e-01 9.163182228803634644e-03 1.710918396711349487e-01 -1.694253981113433838e-01
9.757052063941955566e-01 5.770131945610046387e-03 -4.818155616521835327e-02 -2.136458307504653931e-01
1.000000000000000000e+00 -1.815640193747469766e-09 -1.123388049251161647e-08 2.775164453794332076e-08
1.000000000000000000e+00 0.000000000000000000e+00 0.000000000000000000e+00 0.000000000000000000e+00
9.956294894218444824e-01 -3.374221548438072205e-02 -7.409806549549102783e-02 4.575046151876449585e-02
9.907817244529724121e-01 -1.124624237418174744e-01 -3.565772995352745056e-02 -6.657571345567703247e-02
9.133926033973693848e-01 2.182217836380004883e-01 3.360963761806488037e-01 7.164121419191360474e-02
9.053919911384582520e-01 1.081281900405883789e-01 6.696104072034358978e-03 -4.105226397514343262e-01
9.822967648506164551e-01 3.750406578183174133e-02 -1.356704086065292358e-01 1.236133277416229248e-01
9.783159494400024414e-01 5.487233400344848633e-03 5.860311165452003479e-02 1.985787153244018555e-01
1.000000000000000000e+00 -6.401460694860361400e-09 1.093516299732755215e-08 2.598357795591255126e-08
1.000000000000000000e+00 0.000000000000000000e+00 0.000000000000000000e+00 0.000000000000000000e+00
9.918133616447448730e-01 1.582604087889194489e-02 -7.429526001214981079e-02 1.026452705264091492e-01
9.703366160392761230e-01 1.793427043594419956e-03 2.723691053688526154e-02 2.402119040489196777e-01
1.000000000000000000e+00 1.387778780781445676e-17 -2.775557561562891351e-17 1.387778780781445676e-17
1.000000000000000000e+00 0.000000000000000000e+00 0.000000000000000000e+00 0.000000000000000000e+00
9.979751706123352051e-01 -6.630639079958200455e-03 -2.943245135247707367e-02 5.599394813179969788e-02
9.772413969039916992e-01 -1.020218944177031517e-03 1.214999146759510040e-02 2.117797732353210449e-01
1.000000000000000000e+00 -1.448795861058727041e-09 1.151965989265590906e-08 -1.009875205681964871e-08
1.000000000000000000e+00 0.000000000000000000e+00 0.000000000000000000e+00 0.000000000000000000e+00
9.985220432281494141e-01 -1.198900770395994186e-02 4.096505418419837952e-02 3.364587202668190002e-02
9.891856312751770020e-01 -1.995667407754808664e-04 -9.740771725773811340e-03 1.463452130556106567e-01
1.000000000000000000e+00 5.797751967406838958e-08 -3.435850359778669372e-08 -8.907639625910235281e-10
1.000000000000000000e+00 0.000000000000000000e+00 0.000000000000000000e+00 0.000000000000000000e+00
9.922154545783996582e-01 -1.174727603793144226e-01 4.064995050430297852e-02 7.510496303439140320e-03
9.957340955734252930e-01 3.351827710866928101e-02 -8.271667361259460449e-02 -2.341485023498535156e-02
1.000000000000000000e+00 4.172044931749496754e-09 8.764168057950882940e-08 -6.899158222495316295e-08
1.000000000000000000e+00 0.000000000000000000e+00 0.000000000000000000e+00 0.000000000000000000e+00
9.272098541259765625e-01 -3.643142879009246826e-01 6.587438285350799561e-02 5.672378465533256531e-02
8.620474338531494141e-01 4.994399547576904297e-01 -6.287032365798950195e-02 -5.900265648961067200e-02
9.923509955406188965e-01 2.678081765770912170e-02 -4.413819115143269300e-04 -1.205077394843101501e-01
9.999427795410156250e-01 -1.055708806961774826e-02 7.038523908704519272e-04 1.577819464728236198e-03
1.000000000000000000e+00 0.000000000000000000e+00 0.000000000000000000e+00 0.000000000000000000e+00
9.127834439277648926e-01 -2.199501842260360718e-01 -2.309797406196594238e-01 -2.551405131816864014e-01
7.912904024124145508e-01 5.849803686141967773e-01 2.028396353125572205e-02 1.767654716968536377e-01
9.897106289863586426e-01 -2.841041795909404755e-02 -2.927991747856140137e-02 1.371439993381500244e-01
9.973611831665039062e-01 3.671316197142004967e-03 5.752532742917537689e-03 -7.227800041437149048e-02
1.000000000000000000e+00 0.000000000000000000e+00 0.000000000000000000e+00 0.000000000000000000e+00
#New slice
9.592527151107788086e-01 -1.825679279863834381e-02 -2.792512476444244385e-01 3.898369520902633667e-02
9.985081553459167480e-01 5.422579869627952576e-02 -3.557425690814852715e-03 -5.349859595298767090e-03
9.940329194068908691e-01 1.082917377352714539e-01 -7.529376074671745300e-03 -1.072197407484054565e-02
9.940329194068908691e-01 1.082917451858520508e-01 -7.529273163527250290e-03 -1.072197500616312027e-02
9.982725977897644043e-01 -3.951418027281761169e-02 3.391971811652183533e-02 -2.720496430993080139e-02
9.774698615074157715e-01 1.758622378110885620e-01 1.131444722414016724e-01 2.869969792664051056e-02
1.000000000000000000e+00 0.000000000000000000e+00 0.000000000000000000e+00 0.000000000000000000e+00
1.000000000000000000e+00 0.000000000000000000e+00 0.000000000000000000e+00 0.000000000000000000e+00
1.000000000000000000e+00 0.000000000000000000e+00 0.000000000000000000e+00 0.000000000000000000e+00
9.972031712532043457e-01 -3.062769211828708649e-02 -2.683179639279842377e-02 -6.267265230417251587e-02
9.331501126289367676e-01 -3.288689255714416504e-01 -5.644590407609939575e-02 1.337532699108123779e-01
9.448558092117309570e-01 1.130571663379669189e-01 -2.996884286403656006e-01 -6.820891052484512329e-02
9.654805660247802734e-01 5.911308899521827698e-02 -5.531744658946990967e-02 2.475741654634475708e-01
9.955822229385375977e-01 2.332413010299205780e-02 -5.620674788951873779e-02 -7.150448858737945557e-02
9.999723434448242188e-01 -2.922041574493050575e-03 3.059246810153126717e-04 6.837768945842981339e-03
1.000000000000000000e+00 3.913120849574625026e-08 8.078242075271191425e-09 1.828192708330789173e-08
1.000000000000000000e+00 0.000000000000000000e+00 0.000000000000000000e+00 0.000000000000000000e+00
9.939707517623901367e-01 -7.722159381955862045e-03 -1.060987114906311035e-01 -2.656696550548076630e-02
9.898750782012939453e-01 -6.849136552773416042e-04 7.053166627883911133e-03 -1.417645663022994995e-01
1.000000000000000000e+00 2.021193434842416536e-09 9.897836994454678461e-10 7.353870845605570139e-09
1.000000000000000000e+00 0.000000000000000000e+00 0.000000000000000000e+00 0.000000000000000000e+00
9.989452362060546875e-01 1.277841441333293915e-02 3.038818016648292542e-02 -3.196501359343528748e-02
9.946039319038391113e-01 -6.997589953243732452e-04 -4.727754276245832443e-03 -1.036353409290313721e-01
1.000000000000000000e+00 1.943014638072781963e-09 -2.017940481380264828e-08 4.661277586137657636e-09
1.000000000000000000e+00 0.000000000000000000e+00 0.000000000000000000e+00 0.000000000000000000e+00
9.837880134582519531e-01 6.200767122209072113e-03 1.265943050384521484e-01 -1.268721222877502441e-01
9.903646111488342285e-01 6.821341230534017086e-04 -1.597585529088973999e-02 -1.375580728054046631e-01
1.000000000000000000e+00 2.775557561562891351e-17 7.703719777548943412e-34 2.775557561562891351e-17
1.000000000000000000e+00 0.000000000000000000e+00 0.000000000000000000e+00 0.000000000000000000e+00
9.743543863296508789e-01 1.369949057698249817e-02 1.720655411481857300e-01 -1.443589776754379272e-01
9.808940291404724121e-01 4.662733990699052811e-03 -4.776675999164581299e-02 -1.885299086570739746e-01
1.000000000000000000e+00 -1.815640193747469766e-09 -1.123388049251161647e-08 2.775164453794332076e-08
1.000000000000000000e+00 0.000000000000000000e+00 0.000000000000000000e+00 0.000000000000000000e+00
9.950673580169677734e-01 -2.966030873358249664e-02 -6.583268195390701294e-02 6.802599877119064331e-02
9.957289099693298340e-01 -8.956742286682128906e-02 -2.033329755067825317e-02 -9.401405230164527893e-03
9.003110527992248535e-01 2.141969501972198486e-01 3.703373968601226807e-01 8.006173372268676758e-02
8.934158086776733398e-01 9.184836596250534058e-02 -1.203451957553625107e-02 -4.395762085914611816e-01
9.827917814254760742e-01 4.194257780909538269e-02 -1.448130011558532715e-01 1.067256107926368713e-01
9.842712283134460449e-01 4.101286176592111588e-03 5.633417889475822449e-02 1.673917323350906372e-01
1.000000000000000000e+00 -6.401460694860361400e-09 1.093516299732755215e-08 2.598357795591255126e-08
1.000000000000000000e+00 0.000000000000000000e+00 0.000000000000000000e+00 0.000000000000000000e+00
9.932823181152343750e-01 1.721706613898277283e-02 -7.563357055187225342e-02 8.586834371089935303e-02
9.743840694427490234e-01 1.676567713730037212e-03 2.580024488270282745e-02 2.233991920948028564e-01
1.000000000000000000e+00 1.387778780781445676e-17 -2.775557561562891351e-17 1.387778780781445676e-17
1.000000000000000000e+00 0.000000000000000000e+00 0.000000000000000000e+00 0.000000000000000000e+00
9.984923601150512695e-01 -6.257032975554466248e-03 -3.028882853686809540e-02 4.534749686717987061e-02
9.795364737510681152e-01 -9.461797890253365040e-04 1.115849148482084274e-02 2.009550482034683228e-01
1.000000000000000000e+00 -1.448795861058727041e-09 1.151965989265590906e-08 -1.009875205681964871e-08
1.000000000000000000e+00 0.000000000000000000e+00 0.000000000000000000e+00 0.000000000000000000e+00
9.980556964874267578e-01 -1.239752769470214844e-02 5.139768868684768677e-02 3.300610184669494629e-02
9.891557693481445312e-01 -2.001305110752582550e-04 -9.748205542564392090e-03 1.465465128421783447e-01
1.000000000000000000e+00 5.797751967406838958e-08 -3.435850359778669372e-08 -8.907639625910235281e-10
1.000000000000000000e+00 0.000000000000000000e+00 0.000000000000000000e+00 0.000000000000000000e+00
9.904667735099792480e-01 -1.247887983918190002e-01 5.759531259536743164e-02 9.283522143959999084e-03
9.972772598266601562e-01 2.561006695032119751e-02 -6.593938916921615601e-02 -2.083746902644634247e-02
1.000000000000000000e+00 4.172044931749496754e-09 8.764168057950882940e-08 -6.899158222495316295e-08
1.000000000000000000e+00 0.000000000000000000e+00 0.000000000000000000e+00 0.000000000000000000e+00
9.619252085685729980e-01 -2.700170278549194336e-01 2.135704830288887024e-02 3.653234243392944336e-02
9.252828359603881836e-01 3.626703619956970215e-01 -1.080303862690925598e-01 -2.552083879709243774e-02
9.941784143447875977e-01 -5.424072220921516418e-02 2.808674471452832222e-03 -9.305558353662490845e-02
9.995446205139160156e-01 -2.138138562440872192e-02 -1.461241208016872406e-02 1.549428794533014297e-02
1.000000000000000000e+00 0.000000000000000000e+00 0.000000000000000000e+00 0.000000000000000000e+00
9.345629215240478516e-01 -4.850445315241813660e-02 -2.690620422363281250e-01 -2.276955395936965942e-01
9.310747981071472168e-01 3.472951054573059082e-01 8.487348444759845734e-03 1.114172413945198059e-01
9.807771444320678711e-01 -1.592567265033721924e-01 -1.533044129610061646e-02 1.117071658372879028e-01
9.975640773773193359e-01 -5.335002765059471130e-02 -1.559768919833004475e-03 -4.491496086120605469e-02
1.000000000000000000e+00 0.000000000000000000e+00 0.000000000000000000e+00 0.000000000000000000e+00
#New slice
9.608931541442871094e-01 -1.672460511326789856e-02 -2.756721675395965576e-01 2.023581229150295258e-02
9.990148544311523438e-01 4.430590197443962097e-02 -2.447716193273663521e-03 -6.010099896229803562e-04
9.960352778434753418e-01 8.850506693124771118e-02 -3.593286965042352676e-03 -8.223550394177436829e-03
9.960352778434753418e-01 8.850509673357009888e-02 -3.593233646824955940e-03 -8.223567157983779907e-03
9.984154105186462402e-01 -4.950380325317382812e-02 2.167331799864768982e-02 -1.569370925426483154e-02
9.747675657272338867e-01 1.969674825668334961e-01 9.600724279880523682e-02 4.259888827800750732e-02
1.000000000000000000e+00 0.000000000000000000e+00 0.000000000000000000e+00 0.000000000000000000e+00
1.000000000000000000e+00 0.000000000000000000e+00 0.000000000000000000e+00 0.000000000000000000e+00
1.000000000000000000e+00 0.000000000000000000e+00 0.000000000000000000e+00 0.000000000000000000e+00
9.960570931434631348e-01 -2.875844761729240417e-02 -3.736095502972602844e-02 -7.514923810958862305e-02
9.300135374069213867e-01 -3.425102233886718750e-01 -7.910355180501937866e-02 1.072577014565467834e-01
9.368822574615478516e-01 1.323803514242172241e-01 -3.180834054946899414e-01 -5.958377197384834290e-02
9.641771912574768066e-01 1.043022796511650085e-01 -5.330095440149307251e-02 2.379968017339706421e-01
9.946562051773071289e-01 1.566521450877189636e-02 -6.965554505586624146e-02 -7.457865029573440552e-02
9.999723434448242188e-01 -2.922041574493050575e-03 3.059246810153126717e-04 6.837768945842981339e-03
1.000000000000000000e+00 3.913120849574625026e-08 8.078242075271191425e-09 1.828192708330789173e-08
1.000000000000000000e+00 0.000000000000000000e+00 0.000000000000000000e+00 0.000000000000000000e+00
9.933426380157470703e-01 -7.874335162341594696e-03 -1.117931380867958069e-01 -2.665907703340053558e-02
9.897986650466918945e-01 -6.989330868236720562e-04 6.988893263041973114e-03 -1.423006504774093628e-01
1.000000000000000000e+00 2.021193434842416536e-09 9.897836994454678461e-10 7.353870845605570139e-09
1.000000000000000000e+00 0.000000000000000000e+00 0.000000000000000000e+00 0.000000000000000000e+00
9.994309544563293457e-01 1.440226566046476364e-02 2.256941236555576324e-02 -2.052300982177257538e-02
9.957109093666076660e-01 -6.163692451082170010e-04 -3.494580276310443878e-03 -9.245143830776214600e-02
1.000000000000000000e+00 1.943014638072781963e-09 -2.017940481380264828e-08 4.661277586137657636e-09
1.000000000000000000e+00 0.000000000000000000e+00 0.000000000000000000e+00 0.000000000000000000e+00
9.860932826995849609e-01 8.978283964097499847e-03 1.254224479198455811e-01 -1.086675301194190979e-01
9.927753210067749023e-01 5.330955027602612972e-04 -1.485229935497045517e-02 -1.190642714500427246e-01
1.000000000000000000e+00 2.775557561562891351e-17 7.703719777548943412e-34 2.775557561562891351e-17
1.000000000000000000e+00 0.000000000000000000e+00 0.000000000000000000e+00 0.000000000000000000e+00
9.769302010536193848e-01 1.719513162970542908e-02 1.726550161838531494e-01 -1.245066225528717041e-01
9.845093488693237305e-01 3.806472523137927055e-03 -4.742297530174255371e-02 -1.687541604042053223e-01
1.000000000000000000e+00 -1.815640193747469766e-09 -1.123388049251161647e-08 2.775164453794332076e-08
1.000000000000000000e+00 0.000000000000000000e+00 0.000000000000000000e+00 0.000000000000000000e+00
9.943838119506835938e-01 -2.569096535444259644e-02 -5.539829283952713013e-02 8.643983304500579834e-02
9.916191101074218750e-01 -8.631730824708938599e-02 -1.129910349845886230e-02 9.546300023794174194e-02
8.965473175048828125e-01 1.985512226819992065e-01 3.908231854438781738e-01 6.354387104511260986e-02
8.983027935028076172e-01 1.071664839982986450e-01 -9.755093604326248169e-03 -4.259956479072570801e-01
9.828979372978210449e-01 4.517035931348800659e-02 -1.520920991897583008e-01 9.348426759243011475e-02
9.882560372352600098e-01 3.004604019224643707e-03 5.450737848877906799e-02 1.427239775657653809e-01
1.000000000000000000e+00 -6.401460694860361400e-09 1.093516299732755215e-08 2.598357795591255126e-08
1.000000000000000000e+00 0.000000000000000000e+00 0.000000000000000000e+00 0.000000000000000000e+00
9.942215085029602051e-01 1.826508902013301849e-02 -7.666341960430145264e-02 7.288853079080581665e-02
9.774148464202880859e-01 1.577977207489311695e-03 2.464054152369499207e-02 2.098823785781860352e-01
1.000000000000000000e+00 1.387778780781445676e-17 -2.775557561562891351e-17 1.387778780781445676e-17
1.000000000000000000e+00 0.000000000000000000e+00 0.000000000000000000e+00 0.000000000000000000e+00
9.988102316856384277e-01 -5.981656257063150406e-03 -3.088117390871047974e-02 3.726468607783317566e-02
9.812929034233093262e-01 -8.829049183987081051e-04 1.036136690527200699e-02 1.922398507595062256e-01
1.000000000000000000e+00 -1.448795861058727041e-09 1.151965989265590906e-08 -1.009875205681964871e-08
1.000000000000000000e+00 0.000000000000000000e+00 0.000000000000000000e+00 0.000000000000000000e+00
9.975984096527099609e-01 -1.267274096608161926e-02 5.965458974242210388e-02 3.283550590276718140e-02
9.890976548194885254e-01 -2.012348559219390154e-04 -9.762718342244625092e-03 1.469370722770690918e-01
1.000000000000000000e+00 5.797751967406838958e-08 -3.435850359778669372e-08 -8.907639625910235281e-10
1.000000000000000000e+00 0.000000000000000000e+00 0.000000000000000000e+00 0.000000000000000000e+00
9.889007806777954102e-01 -1.300938874483108521e-01 7.095377892255783081e-02 1.079016551375389099e-02
9.982491135597229004e-01 1.935111731290817261e-02 -5.264153331518173218e-02 -1.879729516804218292e-02
1.000000000000000000e+00 4.172044931749496754e-09 8.764168057950882940e-08 -6.899158222495316295e-08
1.000000000000000000e+00 0.000000000000000000e+00 0.000000000000000000e+00 0.000000000000000000e+00
9.750533699989318848e-01 -2.196225374937057495e-01 -1.094665657728910446e-02 3.028663247823715210e-02
9.451991915702819824e-01 3.062075972557067871e-01 -1.128924340009689331e-01 9.534352459013462067e-03
9.920451641082763672e-01 -9.727595001459121704e-02 -2.838577143847942352e-03 -7.984812557697296143e-02
9.993910789489746094e-01 -1.980555988848209381e-02 -2.763718366622924805e-02 7.846535183489322662e-03
1.000000000000000000e+00 0.000000000000000000e+00 0.000000000000000000e+00 0.000000000000000000e+00
9.364548325538635254e-01 4.649978131055831909e-02 -2.952547669410705566e-01 -1.836158931255340576e-01
9.795634150505065918e-01 1.952374279499053955e-01 -2.663313783705234528e-02 4.035799205303192139e-02
9.756458997726440430e-01 -1.771951764822006226e-01 1.476982329040765762e-02 1.284480243921279907e-01
9.998933076858520508e-01 -7.739136461168527603e-03 -5.829331465065479279e-03 1.094092242419719696e-02
1.000000000000000000e+00 0.000000000000000000e+00 0.000000000000000000e+00 0.000000000000000000e+00
#New slice
9.604086279869079590e-01 -1.239442080259323120e-02 -2.781894505023956299e-01 8.514960296452045441e-03
9.991930723190307617e-01 4.001741856336593628e-02 3.340242197737097740e-03 -7.920307107269763947e-04
9.967116713523864746e-01 7.999545335769653320e-02 7.911858148872852325e-03 -1.020735874772071838e-02
9.967116713523864746e-01 7.999543845653533936e-02 7.911908440291881561e-03 -1.020738203078508377e-02
9.982991218566894531e-01 -5.635837092995643616e-02 1.052661146968603134e-02 -1.058129128068685532e-02
9.813346862792968750e-01 1.618368923664093018e-01 9.402655065059661865e-02 4.416188597679138184e-02
1.000000000000000000e+00 0.000000000000000000e+00 0.000000000000000000e+00 0.000000000000000000e+00
1.000000000000000000e+00 0.000000000000000000e+00 0.000000000000000000e+00 0.000000000000000000e+00
1.000000000000000000e+00 0.000000000000000000e+00 0.000000000000000000e+00 0.000000000000000000e+00
9.958218932151794434e-01 -2.185162901878356934e-02 -4.059543088078498840e-02 -7.882443815469741821e-02
9.471189379692077637e-01 -2.958630323410034180e-01 -1.242206841707229614e-01 -9.186781244352459908e-05
9.446355104446411133e-01 1.271888166666030884e-01 -2.993111908435821533e-01 -4.358485341072082520e-02
9.638805985450744629e-01 1.238532736897468567e-01 -5.769966542720794678e-02 2.286160290241241455e-01
9.954940080642700195e-01 2.047442831099033356e-02 -5.938301980495452881e-02 -7.103628665208816528e-02
9.999723434448242188e-01 -2.922041574493050575e-03 3.059246810153126717e-04 6.837768945842981339e-03
1.000000000000000000e+00 3.913120849574625026e-08 8.078242075271191425e-09 1.828192708330789173e-08
1.000000000000000000e+00 0.000000000000000000e+00 0.000000000000000000e+00 0.000000000000000000e+00
9.938260316848754883e-01 -7.643293589353561401e-03 -1.071810722351074219e-01 -2.763427980244159698e-02
9.897456169128417969e-01 -7.080643554218113422e-04 6.946973502635955811e-03 -1.426704972982406616e-01
1.000000000000000000e+00 2.021193434842416536e-09 9.897836994454678461e-10 7.353870845605570139e-09
1.000000000000000000e+00 0.000000000000000000e+00 0.000000000000000000e+00 0.000000000000000000e+00
9.990650415420532227e-01 1.307011209428310394e-02 2.783765830099582672e-02 -3.038578666746616364e-02
9.948477745056152344e-01 -6.834578234702348709e-04 -4.467783961445093155e-03 -1.012794971466064453e-01
1.000000000000000000e+00 1.943014638072781963e-09 -2.017940481380264828e-08 4.661277586137657636e-09
1.000000000000000000e+00 0.000000000000000000e+00 0.000000000000000000e+00 0.000000000000000000e+00
9.844430088996887207e-01 6.665834225714206696e-03 1.253858804702758789e-01 -1.229069679975509644e-01
9.909695386886596680e-01 6.494416738860309124e-04 -1.570923626422882080e-02 -1.331630647182464600e-01
1.000000000000000000e+00 2.775557561562891351e-17 7.703719777548943412e-34 2.775557561562891351e-17
1.000000000000000000e+00 0.000000000000000000e+00 0.000000000000000000e+00 0.000000000000000000e+00
9.751609563827514648e-01 1.414712239056825638e-02 1.715193837881088257e-01 -1.394354850053787231e-01
9.817613959312438965e-01 4.462554119527339935e-03 -4.768868535757064819e-02 -1.839850395917892456e-01
1.000000000000000000e+00 -1.815640193747469766e-09 -1.123388049251161647e-08 2.775164453794332076e-08
1.000000000000000000e+00 0.000000000000000000e+00 0.000000000000000000e+00 0.000000000000000000e+00
9.949344396591186523e-01 -1.783920638263225555e-02 -2.984468266367912292e-02 9.432162344455718994e-02
9.693168997764587402e-01 -8.921850472688674927e-02 -4.926985874772071838e-02 2.236905694007873535e-01
9.079737067222595215e-01 1.573187708854675293e-01 3.856782317161560059e-01 4.568171873688697815e-02
9.342261552810668945e-01 1.298980861902236938e-01 7.660297211259603500e-03 -3.320983052253723145e-01
9.828040599822998047e-01 4.255903884768486023e-02 -1.467127054929733276e-01 1.037327647209167480e-01
9.852842092514038086e-01 3.838567296043038368e-03 5.589899793267250061e-02 1.614798158407211304e-01
1.000000000000000000e+00 -6.401460694860361400e-09 1.093516299732755215e-08 2.598357795591255126e-08
1.000000000000000000e+00 0.000000000000000000e+00 0.000000000000000000e+00 0.000000000000000000e+00
9.934810996055603027e-01 1.731531694531440735e-02 -7.583834975957870483e-02 8.333120495080947876e-02
9.752559661865234375e-01 1.650168909691274166e-03 2.547474764287471771e-02 2.195999473333358765e-01
1.000000000000000000e+00 1.387778780781445676e-17 -2.775557561562891351e-17 1.387778780781445676e-17
1.000000000000000000e+00 0.000000000000000000e+00 0.000000000000000000e+00 0.000000000000000000e+00
9.985492229461669922e-01 -6.245034746825695038e-03 -3.021466545760631561e-02 4.413313046097755432e-02
9.800497889518737793e-01 -9.289456647820770741e-04 1.092925388365983963e-02 1.984493583440780640e-01
1.000000000000000000e+00 -1.448795861058727041e-09 1.151965989265590906e-08 -1.009875205681964871e-08
1.000000000000000000e+00 0.000000000000000000e+00 0.000000000000000000e+00 0.000000000000000000e+00
9.979184865951538086e-01 -1.240009814500808716e-02 5.350976064801216125e-02 3.378776833415031433e-02
9.890573620796203613e-01 -2.019006060436367989e-04 -9.772648103535175323e-03 1.472074985504150391e-01
1.000000000000000000e+00 5.797751967406838958e-08 -3.435850359778669372e-08 -8.907639625910235281e-10
1.000000000000000000e+00 0.000000000000000000e+00 0.000000000000000000e+00 0.000000000000000000e+00
9.902462959289550781e-01 -1.249183043837547302e-01 6.095753237605094910e-02 9.585845284163951874e-03
9.975442886352539062e-01 2.402696944773197174e-02 -6.257135421037673950e-02 -2.032159641385078430e-02
1.000000000000000000e+00 4.172044931749496754e-09 8.764168057950882940e-08 -6.899158222495316295e-08
1.000000000000000000e+00 0.000000000000000000e+00 0.000000000000000000e+00 0.000000000000000000e+00
9.725922942161560059e-01 -2.253864854574203491e-01 -2.689255587756633759e-02 5.041814222931861877e-02
9.475923180580139160e-01 3.087726235389709473e-01 -8.202218264341354370e-02 7.670273771509528160e-04
9.924268126487731934e-01 -9.252104908227920532e-02 -1.814457960426807404e-02 -7.873899489641189575e-02
9.993790388107299805e-01 -2.027099020779132843e-02 -2.779090590775012970e-02 7.638612296432256699e-03
1.000000000000000000e+00 0.000000000000000000e+00 0.000000000000000000e+00 0.000000000000000000e+00
9.420204162597656250e-01 4.374174773693084717e-02 -2.880360484123229980e-01 -1.664915084838867188e-01
9.775971770286560059e-01 1.958354860544204712e-01 -7.554788142442703247e-02 1.564578153192996979e-02
9.733599424362182617e-01 -1.667572855949401855e-01 5.962835624814033508e-02 1.456262171268463135e-01
9.998983144760131836e-01 -9.569861926138401031e-03 -5.116570740938186646e-03 9.264454245567321777e-03
1.000000000000000000e+00 0.000000000000000000e+00 0.000000000000000000e+00 0.000000000000000000e+00
#New slice
9.557667970657348633e-01 -2.084952220320701599e-02 -2.933788001537322998e-01 -2.053085248917341232e-03
9.988176226615905762e-01 4.525955021381378174e-02 1.766606047749519348e-02 -1.751112402416765690e-03
9.951871037483215332e-01 9.053327888250350952e-02 3.596102446317672729e-02 -1.063702069222927094e-02
9.951871037483215332e-01 9.053322672843933105e-02 3.596097230911254883e-02 -1.063702255487442017e-02
9.986943006515502930e-01 -5.086429789662361145e-02 3.429157950449734926e-04 -4.735892172902822495e-03
9.888510704040527344e-01 7.372757047414779663e-02 1.264727711677551270e-01 2.724883891642093658e-02
1.000000000000000000e+00 0.000000000000000000e+00 0.000000000000000000e+00 0.000000000000000000e+00
1.000000000000000000e+00 0.000000000000000000e+00 0.000000000000000000e+00 0.000000000000000000e+00
1.000000000000000000e+00 0.000000000000000000e+00 0.000000000000000000e+00 0.000000000000000000e+00
9.967201352119445801e-01 -7.546082139015197754e-03 -2.827890776097774506e-02 -7.544755190610885620e-02
9.433215856552124023e-01 -1.994490772485733032e-01 -1.536429673433303833e-01 -2.162367105484008789e-01
9.488555788993835449e-01 9.222003072500228882e-02 -3.010864853858947754e-01 -2.270886860787868500e-02
9.679581522941589355e-01 1.178745776414871216e-01 -5.407631769776344299e-02 2.150310426950454712e-01
9.971717000007629395e-01 4.202971607446670532e-02 -1.834136061370372772e-02 -5.954655632376670837e-02
9.999723434448242188e-01 -2.922041574493050575e-03 3.059246810153126717e-04 6.837768945842981339e-03
1.000000000000000000e+00 3.913120849574625026e-08 8.078242075271191425e-09 1.828192708330789173e-08
1.000000000000000000e+00 0.000000000000000000e+00 0.000000000000000000e+00 0.000000000000000000e+00
9.955465793609619141e-01 -6.929937750101089478e-03 -8.920109272003173828e-02 -2.970205992460250854e-02
9.897280335426330566e-01 -7.084041135385632515e-04 6.948706693947315216e-03 -1.427924782037734985e-01
1.000000000000000000e+00 2.021193434842416536e-09 9.897836994454678461e-10 7.353870845605570139e-09
1.000000000000000000e+00 0.000000000000000000e+00 0.000000000000000000e+00 0.000000000000000000e+00
9.964030385017395020e-01 8.931917138397693634e-03 5.024011805653572083e-02 -6.765562295913696289e-02
9.906793832778930664e-01 -9.293636539950966835e-04 -8.297502063214778900e-03 -1.359589099884033203e-01
1.000000000000000000e+00 1.943014638072781963e-09 -2.017940481380264828e-08 4.661277586137657636e-09
1.000000000000000000e+00 0.000000000000000000e+00 0.000000000000000000e+00 0.000000000000000000e+00
9.756237864494323730e-01 -1.815741183236241341e-03 1.270617246627807617e-01 -1.789146214723587036e-01
9.817463755607604980e-01 1.060483511537313461e-03 -1.909609325230121613e-02 -1.892307996749877930e-01
1.000000000000000000e+00 2.775557561562891351e-17 7.703719777548943412e-34 2.775557561562891351e-17
1.000000000000000000e+00 0.000000000000000000e+00 0.000000000000000000e+00 0.000000000000000000e+00
9.654126763343811035e-01 2.789984457194805145e-03 1.682609468698501587e-01 -1.991454511880874634e-01
9.684948325157165527e-01 7.117093075066804886e-03 -4.864433035254478455e-02 -2.441329210996627808e-01
1.000000000000000000e+00 -1.815640193747469766e-09 -1.123388049251161647e-08 2.775164453794332076e-08
1.000000000000000000e+00 0.000000000000000000e+00 0.000000000000000000e+00 0.000000000000000000e+00
9.954818487167358398e-01 -2.856070874258875847e-03 1.659277081489562988e-02 9.344759583473205566e-02
9.215550422668457031e-01 -8.153944462537765503e-02 -1.472848355770111084e-01 3.498499989509582520e-01
9.179591536521911621e-01 7.012869417667388916e-02 3.876517415046691895e-01 4.646624997258186340e-02
9.795409440994262695e-01 1.077905595302581787e-01 3.597071766853332520e-02 -1.660931557416915894e-01
9.810902476310729980e-01 3.146385401487350464e-02 -1.250644177198410034e-01 1.443296521902084351e-01
9.698212742805480957e-01 7.159231696277856827e-03 6.125975027680397034e-02 2.358874380588531494e-01
1.000000000000000000e+00 -6.401460694860361400e-09 1.093516299732755215e-08 2.598357795591255126e-08
1.000000000000000000e+00 0.000000000000000000e+00 0.000000000000000000e+00 0.000000000000000000e+00
9.895268082618713379e-01 1.387253496795892715e-02 -7.254708558320999146e-02 1.240206882357597351e-01
9.653825759887695312e-01 1.923797535710036755e-03 2.886888012290000916e-02 2.592288255691528320e-01
1.000000000000000000e+00 1.387778780781445676e-17 -2.775557561562891351e-17 1.387778780781445676e-17
1.000000000000000000e+00 0.000000000000000000e+00 0.000000000000000000e+00 0.000000000000000000e+00
9.971062541007995605e-01 -7.180614862591028214e-03 -2.793918922543525696e-02 7.033485174179077148e-02
9.745113253593444824e-01 -1.101217116229236126e-03 1.326394174247980118e-02 2.239432483911514282e-01
1.000000000000000000e+00 -1.448795861058727041e-09 1.151965989265590906e-08 -1.009875205681964871e-08
1.000000000000000000e+00 0.000000000000000000e+00 0.000000000000000000e+00 0.000000000000000000e+00
9.988697171211242676e-01 -1.142959296703338623e-02 2.866870351135730743e-02 3.615112230181694031e-02
9.890434145927429199e-01 -2.021807595156133175e-04 -9.776066057384014130e-03 1.473007202148437500e-01
1.000000000000000000e+00 5.797751967406838958e-08 -3.435850359778669372e-08 -8.907639625910235281e-10
1.000000000000000000e+00 0.000000000000000000e+00 0.000000000000000000e+00 0.000000000000000000e+00
9.941200613975524902e-01 -1.061856821179389954e-01 2.054460346698760986e-02 5.274713970720767975e-03
9.934540987014770508e-01 4.285800457000732422e-02 -1.025328263640403748e-01 -2.644304186105728149e-02
1.000000000000000000e+00 4.172044931749496754e-09 8.764168057950882940e-08 -6.899158222495316295e-08
1.000000000000000000e+00 0.000000000000000000e+00 0.000000000000000000e+00 0.000000000000000000e+00
9.712630510330200195e-01 -2.274371236562728882e-01 1.114526949822902679e-02 6.925535947084426880e-02
9.465691447257995605e-01 3.014329075813293457e-01 -1.123460233211517334e-01 -2.287793718278408051e-02
9.951564669609069824e-01 -7.235965132713317871e-02 -9.002597071230411530e-03 -6.592950224876403809e-02
9.993744492530822754e-01 -2.042442746460437775e-02 -2.786064706742763519e-02 7.570303976535797119e-03
1.000000000000000000e+00 0.000000000000000000e+00 0.000000000000000000e+00 0.000000000000000000e+00
9.618556499481201172e-01 2.077313326299190521e-02 -2.283589988946914673e-01 -1.491789817810058594e-01
9.671666026115417480e-01 2.321056127548217773e-01 -1.034215763211250305e-01 -4.465012811124324799e-03
9.723957777023315430e-01 -1.726904213428497314e-01 4.531016573309898376e-02 1.502378582954406738e-01
9.998970031738281250e-01 -1.165919192135334015e-02 -4.377803765237331390e-03 7.131590973585844040e-03
1.000000000000000000e+00 0.000000000000000000e+00 0.000000000000000000e+00 0.000000000000000000e+00
#New slice
9.405435919761657715e-01 -3.100149519741535187e-02 -3.380763232707977295e-01 -1.100284699350595474e-02
9.981732368469238281e-01 5.023914575576782227e-02 3.339126333594322205e-02 -3.385981312021613121e-03
9.926360845565795898e-01 1.004697605967521667e-01 6.658564507961273193e-02 -1.207565609365701675e-02
9.926360845565795898e-01 1.004697456955909729e-01 6.658562272787094116e-02 -1.207565795630216599e-02
9.990793466567993164e-01 -4.220487549901008606e-02 -7.697539869695901871e-03 1.273422094527631998e-04
9.868019819259643555e-01 -1.424519531428813934e-02 1.612957268953323364e-01 1.662352238781750202e-03
1.000000000000000000e+00 0.000000000000000000e+00 0.000000000000000000e+00 0.000000000000000000e+00
1.000000000000000000e+00 0.000000000000000000e+00 0.000000000000000000e+00 0.000000000000000000e+00
1.000000000000000000e+00 0.000000000000000000e+00 0.000000000000000000e+00 0.000000000000000000e+00
9.973728656768798828e-01 6.279819179326295853e-03 -1.296635530889034271e-02 -7.099159806966781616e-02
8.855992555618286133e-01 -1.368511617183685303e-01 -1.021196842193603516e-01 -4.319227635860443115e-01
9.333391785621643066e-01 6.379441916942596436e-02 -3.532820641994476318e-01 -1.857009046943858266e-04
9.736196994781494141e-01 1.279871314764022827e-01 -4.099072143435478210e-02 1.844010502099990845e-01
9.963012933731079102e-01 6.602888554334640503e-02 2.511964552104473114e-02 -4.891778901219367981e-02
9.999723434448242188e-01 -2.922041574493050575e-03 3.059246810153126717e-04 6.837768945842981339e-03
1.000000000000000000e+00 3.913120849574625026e-08 8.078242075271191425e-09 1.828192708330789173e-08
1.000000000000000000e+00 0.000000000000000000e+00 0.000000000000000000e+00 0.000000000000000000e+00
9.970131516456604004e-01 -6.211606785655021667e-03 -7.014658302068710327e-02 -3.171281144022941589e-02
9.897280931472778320e-01 -7.085318793542683125e-04 6.948905065655708313e-03 -1.427925825119018555e-01
1.000000000000000000e+00 2.021193434842416536e-09 9.897836994454678461e-10 7.353870845605570139e-09
1.000000000000000000e+00 0.000000000000000000e+00 0.000000000000000000e+00 0.000000000000000000e+00
9.915060997009277344e-01 6.524256430566310883e-03 7.433855533599853516e-02 -1.065226867794990540e-01
9.849311113357543945e-01 -1.189256203360855579e-03 -1.234212424606084824e-02 -1.725021302700042725e-01
1.000000000000000000e+00 1.943014638072781963e-09 -2.017940481380264828e-08 4.661277586137657636e-09
1.000000000000000000e+00 0.000000000000000000e+00 0.000000000000000000e+00 0.000000000000000000e+00
9.626551866531372070e-01 -9.863696061074733734e-03 1.294505447149276733e-01 -2.375721037387847900e-01
9.684903025627136230e-01 1.485050073824822903e-03 -2.261896617710590363e-02 -2.480176538228988647e-01
1.000000000000000000e+00 2.775557561562891351e-17 7.703719777548943412e-34 2.775557561562891351e-17
1.000000000000000000e+00 0.000000000000000000e+00 0.000000000000000000e+00 0.000000000000000000e+00
9.508604407310485840e-01 -8.759209886193275452e-03 1.651766747236251831e-01 -2.617337107658386230e-01
9.504119157791137695e-01 9.901277720928192139e-03 -4.945541173219680786e-02 -3.068768680095672607e-01
1.000000000000000000e+00 -1.815640193747469766e-09 -1.123388049251161647e-08 2.775164453794332076e-08
1.000000000000000000e+00 0.000000000000000000e+00 0.000000000000000000e+00 0.000000000000000000e+00
9.940912723541259766e-01 1.218178495764732361e-02 6.101462244987487793e-02 8.894560486078262329e-02
8.699547052383422852e-01 -8.618293702602386475e-02 -1.924519240856170654e-01 4.457730650901794434e-01
9.225068092346191406e-01 -2.541760040912777185e-04 3.830164968967437744e-01 4.774427041411399841e-02
9.940198659896850586e-01 7.566314935684204102e-02 7.751104235649108887e-02 1.384976506233215332e-02
9.768187403678894043e-01 1.806274801492691040e-02 -1.024376228451728821e-01 1.870972812175750732e-01
9.472577571868896484e-01 1.063573360443115234e-02 6.655617058277130127e-02 3.133050799369812012e-01
1.000000000000000000e+00 -6.401460694860361400e-09 1.093516299732755215e-08 2.598357795591255126e-08
1.000000000000000000e+00 0.000000000000000000e+00 0.000000000000000000e+00 0.000000000000000000e+00
9.835090041160583496e-01 1.025483477860689163e-02 -6.899353116750717163e-02 1.668680757284164429e-01
9.531067609786987305e-01 2.211106708273291588e-03 3.242449834942817688e-02 3.008841872215270996e-01
1.000000000000000000e+00 1.387778780781445676e-17 -2.775557561562891351e-17 1.387778780781445676e-17
1.000000000000000000e+00 0.000000000000000000e+00 0.000000000000000000e+00 0.000000000000000000e+00
9.948287606239318848e-01 -8.127281442284584045e-03 -2.559041231870651245e-02 9.795305132865905762e-02
9.678882360458374023e-01 -1.283571007661521435e-03 1.573650725185871124e-02 2.508849501609802246e-01
1.000000000000000000e+00 -1.448795861058727041e-09 1.151965989265590906e-08 -1.009875205681964871e-08
1.000000000000000000e+00 0.000000000000000000e+00 0.000000000000000000e+00 0.000000000000000000e+00
9.992014169692993164e-01 -1.041050720959901810e-02 2.281813183799386024e-03 3.850891813635826111e-02
9.890435338020324707e-01 -2.021615364355966449e-04 -9.776119142770767212e-03 1.473005712032318115e-01
1.000000000000000000e+00 5.797751967406838958e-08 -3.435850359778669372e-08 -8.907639625910235281e-10
1.000000000000000000e+00 0.000000000000000000e+00 0.000000000000000000e+00 0.000000000000000000e+00
9.959908127784729004e-01 -8.656453341245651245e-02 -2.251153439283370972e-02 1.481446437537670135e-03
9.869335293769836426e-01 6.275229156017303467e-02 -1.447185277938842773e-01 -3.287818282842636108e-02
1.000000000000000000e+00 4.172044931749496754e-09 8.764168057950882940e-08 -6.899158222495316295e-08
1.000000000000000000e+00 0.000000000000000000e+00 0.000000000000000000e+00 0.000000000000000000e+00
9.694239497184753418e-01 -2.210207730531692505e-01 5.737632513046264648e-02 8.986112475395202637e-02
9.469100832939147949e-01 2.956688702106475830e-01 -1.213283985853195190e-01 -3.493753075599670410e-02
9.964853525161743164e-01 -5.737490206956863403e-02 -8.962179999798536301e-04 -6.102817878127098083e-02
9.993744492530822754e-01 -2.042446471750736237e-02 -2.786045148968696594e-02 7.570311892777681351e-03
1.000000000000000000e+00 0.000000000000000000e+00 0.000000000000000000e+00 0.000000000000000000e+00
9.783484339714050293e-01 -1.109627354890108109e-02 -1.589005291461944580e-01 -1.321438550949096680e-01
9.591075778007507324e-01 2.669202685356140137e-01 -9.177350997924804688e-02 -2.106962539255619049e-02
9.727751612663269043e-01 -1.767384707927703857e-01 1.180315949022769928e-02 1.494419872760772705e-01
9.998866915702819824e-01 -1.375056058168411255e-02 -3.675032174214720726e-03 4.906938411295413971e-03
1.000000000000000000e+00 0.000000000000000000e+00 0.000000000000000000e+00 0.000000000000000000e+00
#New slice
