#Array shape: (1, 67, 4)
9.942964315414428711e-01 1.576012745499610901e-02 1.054692640900611877e-01 -1.581897260621190071e-03
9.977551102638244629e-01 3.732539713382720947e-02 7.522913161665201187e-03 -5.509085953235626221e-02
9.999336004257202148e-01 3.459714585915207863e-03 7.152765057981014252e-03 8.349516429007053375e-03
9.999256134033203125e-01 3.107877681031823158e-03 8.499269373714923859e-03 8.190501481294631958e-03
9.997056722640991211e-01 -1.826347033784259111e-05 -2.123353816568851471e-02 -1.174444798380136490e-02
9.964432120323181152e-01 -7.895659655332565308e-02 -2.687459066510200500e-02 1.202331110835075378e-02
1.000000000000000000e+00 0.000000000000000000e+00 0.000000000000000000e+00 0.000000000000000000e+00
1.000000000000000000e+00 0.000000000000000000e+00 0.000000000000000000e+00 0.000000000000000000e+00
1.000000000000000000e+00 0.000000000000000000e+00 0.000000000000000000e+00 0.000000000000000000e+00
9.990517497062683105e-01 1.695459522306919098e-02 -2.930643409490585327e-02 2.737302891910076141e-02
7.299156785011291504e-01 5.121314525604248047e-01 -1.430775821208953857e-01 -4.295035004615783691e-01
7.962697148323059082e-01 2.382563501596450806e-01 -5.327328443527221680e-01 1.593241840600967407e-01
8.340239524841308594e-01 -4.059796780347824097e-02 -1.616002321243286133e-01 5.259669423103332520e-01
9.074156880378723145e-01 -3.469895422458648682e-01 2.258663922548294067e-01 7.196939736604690552e-02
9.250355362892150879e-01 1.695498526096343994e-01 3.350966870784759521e-01 5.720435827970504761e-02
9.865244030952453613e-01 4.394562542438507080e-02 1.442188620567321777e-01 6.355540454387664795e-02
1.000000000000000000e+00 0.000000000000000000e+00 0.000000000000000000e+00 0.000000000000000000e+00
9.968231916427612305e-01 3.086301684379577637e-02 1.995464600622653961e-02 -7.066106051206588745e-02
9.553632736206054688e-01 4.886255919700488448e-05 2.148989588022232056e-03 -2.954257428646087646e-01
9.886239767074584961e-01 1.349165104329586029e-04 1.593755092471837997e-03 -1.504003107547760010e-01
1.000000000000000000e+00 0.000000000000000000e+00 0.000000000000000000e+00 0.000000000000000000e+00
9.786538481712341309e-01 -5.054537672549486160e-03 6.074514240026473999e-02 -1.962680071592330933e-01
9.640558958053588867e-01 -2.940972044598311186e-04 5.869055632501840591e-03 -2.656348943710327148e-01
9.925867915153503418e-01 3.787777095567435026e-04 5.612047389149665833e-04 -1.215370520949363708e-01
1.000000000000000000e+00 0.000000000000000000e+00 0.000000000000000000e+00 0.000000000000000000e+00
9.607226848602294922e-01 -6.340140104293823242e-02 8.809147030115127563e-02 -2.554057240486145020e-01
9.038520455360412598e-01 -1.281502656638622284e-03 3.205764107406139374e-03 -4.278312027454376221e-01
8.248499631881713867e-01 -1.076913671568036079e-03 8.004780858755111694e-03 -5.652939677238464355e-01
1.000000000000000000e+00 0.000000000000000000e+00 0.000000000000000000e+00 0.000000000000000000e+00
8.988586664199829102e-01 -1.947825253009796143e-01 9.515488147735595703e-02 -3.808657228946685791e-01
8.548575043678283691e-01 8.607794734416529536e-05 2.687264000996947289e-03 -5.188559293746948242e-01
8.850862383842468262e-01 -3.541870455592288636e-06 2.102445112541317940e-03 -4.654223322868347168e-01
1.000000000000000000e+00 0.000000000000000000e+00 0.000000000000000000e+00 0.000000000000000000e+00
9.992970228195190430e-01 2.408578060567378998e-02 -2.360747661441564560e-03 2.863465249538421631e-02
7.811184525489807129e-01 2.037156969308853149e-01 2.139585018157958984e-01 5.500687360763549805e-01
9.799849987030029297e-01 5.377834290266036987e-02 1.903121322393417358e-01 -2.277451567351818085e-02
9.741402268409729004e-01 -2.157948315143585205e-01 -6.638990342617034912e-02 -8.715629577636718750e-03
9.861915111541748047e-01 -1.327369064092636108e-01 1.196349319070577621e-02 9.830656647682189941e-02
9.794062972068786621e-01 -3.461332235019654036e-04 -2.132966415956616402e-03 2.018882334232330322e-01
9.994210600852966309e-01 -2.421432782284682617e-06 -1.212014351040124893e-03 3.400181233882904053e-02
1.000000000000000000e+00 0.000000000000000000e+00 0.000000000000000000e+00 0.000000000000000000e+00
9.936159849166870117e-01 -9.301245212554931641e-02 -4.304415732622146606e-02 4.715129360556602478e-02
9.704028964042663574e-01 -1.214700751006603241e-03 -2.621923340484499931e-03 2.414744198322296143e-01
9.958151578903198242e-01 -1.264780294150114059e-04 -6.158877629786729813e-03 9.118242561817169189e-02
1.000000000000000000e+00 0.000000000000000000e+00 0.000000000000000000e+00 0.000000000000000000e+00
9.942495822906494141e-01 -2.122540771961212158e-02 -4.735124856233596802e-02 9.367580711841583252e-02
9.780489802360534668e-01 -3.896555572282522917e-04 -5.726553499698638916e-03 2.082961946725845337e-01
9.970839023590087891e-01 3.069781232625246048e-04 -4.671181668527424335e-04 7.631103694438934326e-02
1.000000000000000000e+00 0.000000000000000000e+00 0.000000000000000000e+00 0.000000000000000000e+00
9.966912269592285156e-01 1.824259385466575623e-02 -3.308406844735145569e-02 7.196678221225738525e-02
9.868214130401611328e-01 -2.135621762135997415e-04 -2.161462791264057159e-03 1.617986559867858887e-01
9.920330643653869629e-01 2.149132051272317767e-04 -1.573715941049158573e-03 1.259679049253463745e-01
1.000000000000000000e+00 0.000000000000000000e+00 0.000000000000000000e+00 0.000000000000000000e+00
9.822478294372558594e-01 -1.741758361458778381e-02 -1.253160368651151657e-02 -1.863566637039184570e-01
9.965791106224060059e-01 4.904560372233390808e-02 -6.525973975658416748e-02 1.288472581654787064e-02
9.984862804412841797e-01 -3.153597936034202576e-03 -4.134133830666542053e-02 -3.614148125052452087e-02
1.000000000000000000e+00 0.000000000000000000e+00 0.000000000000000000e+00 0.000000000000000000e+00
9.796970486640930176e-01 -1.462775170803070068e-01 1.369137912988662720e-01 7.155791856348514557e-03
9.681158065795898438e-01 2.346204072237014771e-01 -8.519592136144638062e-02 -2.113602310419082642e-02
9.941932559013366699e-01 -1.027812436223030090e-01 -1.323419809341430664e-02 2.899391204118728638e-02
9.987726211547851562e-01 -4.953211173415184021e-02 7.044118177645941614e-09 -6.591427847979502985e-08
1.000000000000000000e+00 0.000000000000000000e+00 0.000000000000000000e+00 0.000000000000000000e+00
9.525042176246643066e-01 -1.057785376906394958e-01 -2.709781825542449951e-01 -9.009701758623123169e-02
9.816909432411193848e-01 1.439202874898910522e-01 1.188056394457817078e-01 -3.814769536256790161e-02
9.905989170074462891e-01 -5.835678055882453918e-02 6.043694168329238892e-02 1.079614758491516113e-01
9.998696446418762207e-01 -1.614746823906898499e-02 8.585601674049314624e-10 -2.485548833419670700e-08
1.000000000000000000e+00 0.000000000000000000e+00 0.000000000000000000e+00 0.000000000000000000e+00
#New slice
