#Array shape: (1, 67, 4)
9.920746684074401855e-01 1.945264451205730438e-02 -1.109286546707153320e-01 -5.571784824132919312e-02
9.911183714866638184e-01 5.048930272459983826e-02 -5.751271545886993408e-02 -1.087553352117538452e-01
9.979897141456604004e-01 2.330386824905872345e-02 -1.335923187434673309e-02 -5.740381404757499695e-02
9.996044039726257324e-01 2.323331870138645172e-02 -4.503678064793348312e-03 1.520051341503858566e-02
9.941743612289428711e-01 -1.172791235148906708e-02 1.036745235323905945e-01 -2.704759128391742706e-02
9.657977223396301270e-01 9.383130818605422974e-02 2.272454053163528442e-01 -8.240120857954025269e-02
1.000000000000000000e+00 0.000000000000000000e+00 0.000000000000000000e+00 0.000000000000000000e+00
1.000000000000000000e+00 0.000000000000000000e+00 0.000000000000000000e+00 0.000000000000000000e+00
1.000000000000000000e+00 0.000000000000000000e+00 0.000000000000000000e+00 0.000000000000000000e+00
9.961556196212768555e-01 4.963159095495939255e-03 -5.336732789874076843e-02 6.929121911525726318e-02
9.146572351455688477e-01 -4.002096131443977356e-02 -1.746112555265426636e-01 -3.623693883419036865e-01
6.660599112510681152e-01 2.793832391034811735e-04 -7.458981275558471680e-01 3.129511023871600628e-04
9.291191101074218750e-01 1.973928809165954590e-01 -2.828462421894073486e-01 1.333107650279998779e-01
9.951860904693603516e-01 -7.471437752246856689e-02 -4.466595873236656189e-02 4.502869024872779846e-02
9.658738970756530762e-01 7.678123563528060913e-02 2.437028884887695312e-01 4.244113340973854065e-02
9.763928055763244629e-01 4.546829685568809509e-02 2.039071917533874512e-01 5.487800389528274536e-02
1.000000000000000000e+00 0.000000000000000000e+00 0.000000000000000000e+00 0.000000000000000000e+00
1.000000000000000000e+00 -6.906824268071432016e-08 -3.382118585193438776e-09 -2.404009968870468583e-08
9.959816336631774902e-01 -8.123508088431208307e-09 1.068997755646705627e-02 -8.891771733760833740e-02
9.959816336631774902e-01 -6.720888290345783389e-10 1.068970654159784317e-02 -8.891761302947998047e-02
1.000000000000000000e+00 0.000000000000000000e+00 0.000000000000000000e+00 0.000000000000000000e+00
9.993786215782165527e-01 -5.972572253085672855e-04 3.255837829783558846e-03 -3.509183228015899658e-02
9.940140247344970703e-01 2.612649404909461737e-04 9.927631355822086334e-03 -1.088011488318443298e-01
9.894102811813354492e-01 -5.769734270870685577e-04 1.121151633560657501e-02 -1.447109729051589966e-01
1.000000000000000000e+00 0.000000000000000000e+00 0.000000000000000000e+00 0.000000000000000000e+00
9.971735477447509766e-01 -4.320141859352588654e-03 8.884374983608722687e-03 -7.448184490203857422e-02
9.882007241249084473e-01 6.638478953391313553e-04 1.142498012632131577e-02 -1.527368575334548950e-01
9.830397367477416992e-01 -3.522043016346287914e-06 1.227621082216501236e-02 -1.829814761877059937e-01
1.000000000000000000e+00 0.000000000000000000e+00 0.000000000000000000e+00 0.000000000000000000e+00
9.859524965286254883e-01 2.464731689542531967e-03 5.021604150533676147e-02 -1.592795848846435547e-01
9.855343699455261230e-01 2.714621135964989662e-03 -2.221606485545635223e-02 -1.679913997650146484e-01
9.864237308502197266e-01 7.224692963063716888e-04 1.311437506228685379e-02 -1.636946201324462891e-01
1.000000000000000000e+00 0.000000000000000000e+00 0.000000000000000000e+00 0.000000000000000000e+00
9.986742138862609863e-01 1.420816057361662388e-03 -2.909082174301147461e-02 4.244440793991088867e-02
9.047498106956481934e-01 2.514824569225311279e-01 5.585158243775367737e-02 3.392125368118286133e-01
9.280711412429809570e-01 -2.567567862570285797e-04 3.724028766155242920e-01 1.030026469379663467e-04
9.860212802886962891e-01 -6.020619347691535950e-02 5.903212353587150574e-02 -1.437103450298309326e-01
9.796445369720458984e-01 -4.996486008167266846e-02 -8.115064352750778198e-02 1.766767501831054688e-01
9.827190637588500977e-01 -3.815569216385483742e-04 -1.071762875653803349e-03 1.851002275943756104e-01
9.903205037117004395e-01 -4.730116779683157802e-05 -8.658420410938560963e-04 1.387969106435775757e-01
1.000000000000000000e+00 0.000000000000000000e+00 0.000000000000000000e+00 0.000000000000000000e+00
9.927128553390502930e-01 -8.084647357463836670e-03 -4.422733560204505920e-02 1.118027791380882263e-01
9.870392084121704102e-01 -9.028881904669106007e-04 -1.145153190009295940e-03 1.604725569486618042e-01
9.916861653327941895e-01 -2.873533230740576982e-04 -2.892402466386556625e-03 1.286473274230957031e-01
1.000000000000000000e+00 0.000000000000000000e+00 0.000000000000000000e+00 0.000000000000000000e+00
9.962012171745300293e-01 -5.056741181761026382e-03 -2.510750666260719299e-02 8.323013782501220703e-02
9.936301708221435547e-01 -5.092833889648318291e-04 -2.413884503766894341e-03 1.126632615923881531e-01
9.986914992332458496e-01 1.428740069968625903e-04 -2.454720961395651102e-04 5.113906413316726685e-02
1.000000000000000000e+00 0.000000000000000000e+00 0.000000000000000000e+00 0.000000000000000000e+00
9.998869299888610840e-01 -5.078447284176945686e-04 1.217518746852874756e-02 8.814508095383644104e-03
9.973163008689880371e-01 -4.418637836351990700e-04 -1.091790385544300079e-03 7.320377975702285767e-02
9.999745488166809082e-01 -1.283211076952284202e-05 -6.331838085316121578e-04 7.105594500899314880e-03
1.000000000000000000e+00 0.000000000000000000e+00 0.000000000000000000e+00 0.000000000000000000e+00
9.997860193252563477e-01 4.638036247342824936e-03 4.372089635580778122e-03 1.968088746070861816e-02
9.972199201583862305e-01 3.801412880420684814e-02 -6.390282511711120605e-02 -4.896660335361957550e-03
9.989993572235107422e-01 7.683520670980215073e-03 -3.913310170173645020e-02 -2.024708874523639679e-02
1.000000000000000000e+00 0.000000000000000000e+00 0.000000000000000000e+00 0.000000000000000000e+00
9.689394831657409668e-01 -7.034429162740707397e-02 2.994228899478912354e-02 2.351842820644378662e-01
9.201523661613464355e-01 3.876628279685974121e-01 -5.502731353044509888e-02 3.031715285032987595e-03
9.505987167358398438e-01 -2.494203001260757446e-01 7.979017682373523712e-03 -1.846291124820709229e-01
9.966126680374145508e-01 -8.223900198936462402e-02 2.994402620970504358e-06 -3.602527385737630539e-06
1.000000000000000000e+00 0.000000000000000000e+00 0.000000000000000000e+00 0.000000000000000000e+00
9.522056579589843750e-01 -2.638511061668395996e-01 3.615516005083918571e-03 -1.538639813661575317e-01
9.720330834388732910e-01 2.242441475391387939e-01 -6.235603243112564087e-02 -3.127684444189071655e-02
9.741389155387878418e-01 6.862547993659973145e-02 -1.045406982302665710e-02 2.150224447250366211e-01
1.000000000000000000e+00 -6.723529395458172075e-07 3.204887661922839470e-07 -1.288232738261285704e-06
1.000000000000000000e+00 0.000000000000000000e+00 0.000000000000000000e+00 0.000000000000000000e+00
#New slice
