#Array shape: (1, 67, 4)
9.441189169883728027e-01 -3.191170990467071533e-01 7.346282899379730225e-02 -3.750966489315032959e-02
9.900286197662353516e-01 1.362897902727127075e-01 3.481290116906166077e-02 7.529634051024913788e-03
9.986944794654846191e-01 3.889417275786399841e-02 3.286879137158393860e-02 -4.025627858936786652e-03
9.987180829048156738e-01 3.932699188590049744e-02 3.131164237856864929e-02 -5.930845625698566437e-03
9.298093318939208984e-01 3.670520186424255371e-01 1.060168817639350891e-02 2.480336278676986694e-02
9.996242523193359375e-01 8.277566172182559967e-03 2.224709093570709229e-02 -1.370650157332420349e-02
1.000000000000000000e+00 0.000000000000000000e+00 0.000000000000000000e+00 0.000000000000000000e+00
1.000000000000000000e+00 0.000000000000000000e+00 0.000000000000000000e+00 0.000000000000000000e+00
1.000000000000000000e+00 0.000000000000000000e+00 0.000000000000000000e+00 0.000000000000000000e+00
9.946628212928771973e-01 1.175894495099782944e-02 -9.350240230560302734e-02 -4.201133921742439270e-02
7.887825369834899902e-01 4.767022430896759033e-01 -3.235012292861938477e-01 -2.142988592386245728e-01
8.296741843223571777e-01 2.910515367984771729e-01 -4.495328962802886963e-01 1.576386094093322754e-01
7.425912618637084961e-01 -8.597349375486373901e-02 -1.409924328327178955e-01 6.490669846534729004e-01
9.764834046363830566e-01 -7.883247733116149902e-02 -1.075558438897132874e-01 1.694035083055496216e-01
9.516473412513732910e-01 1.352121680974960327e-01 2.733951807022094727e-01 3.660679608583450317e-02
9.763107895851135254e-01 5.997150018811225891e-02 1.946337670087814331e-01 7.306546717882156372e-02
1.000000000000000000e+00 0.000000000000000000e+00 0.000000000000000000e+00 0.000000000000000000e+00
9.626753926277160645e-01 1.135450974106788635e-01 3.568303212523460388e-02 -2.430851310491561890e-01
9.682961702346801758e-01 4.575708298943936825e-04 1.989281503483653069e-03 -2.497967034578323364e-01
9.690267443656921387e-01 3.330788458697497845e-04 1.624653697945177555e-03 -2.469502389430999756e-01
1.000000000000000000e+00 0.000000000000000000e+00 0.000000000000000000e+00 0.000000000000000000e+00
9.859634041786193848e-01 2.989602461457252502e-02 4.271157085895538330e-02 -1.586131006479263306e-01
9.409635066986083984e-01 5.622708704322576523e-04 5.568866152316331863e-03 -3.384617865085601807e-01
9.843685030937194824e-01 1.528603752376511693e-04 8.373092714464291930e-05 -1.761211901903152466e-01
1.000000000000000000e+00 0.000000000000000000e+00 0.000000000000000000e+00 0.000000000000000000e+00
9.880345463752746582e-01 -1.938927732408046722e-02 1.025824844837188721e-01 -1.135291010141372681e-01
9.508968591690063477e-01 -6.831606733612716198e-04 2.433320507407188416e-03 -3.094975948333740234e-01
9.687207341194152832e-01 7.408144883811473846e-04 6.257404573261737823e-03 -2.480734139680862427e-01
1.000000000000000000e+00 0.000000000000000000e+00 0.000000000000000000e+00 0.000000000000000000e+00
9.735215902328491211e-01 -1.033609583973884583e-01 1.825713217258453369e-01 -9.077437967061996460e-02
9.878492951393127441e-01 -8.338406041730195284e-05 1.557745505124330521e-03 -1.554072201251983643e-01
9.720863103866577148e-01 2.440514217596501112e-04 1.700793742202222347e-03 -2.346172928810119629e-01
1.000000000000000000e+00 0.000000000000000000e+00 0.000000000000000000e+00 0.000000000000000000e+00
9.759181141853332520e-01 1.447490882128477097e-02 6.639604270458221436e-02 2.072822898626327515e-01
9.029954075813293457e-01 1.183335110545158386e-01 1.690013259649276733e-01 3.768756389617919922e-01
7.600746154785156250e-01 4.106452465057373047e-01 4.431360065937042236e-01 -2.393481880426406860e-01
9.900211095809936523e-01 -4.297480359673500061e-02 -2.264059521257877350e-02 1.322829127311706543e-01
9.865885376930236816e-01 -3.009602427482604980e-02 -3.623360022902488708e-02 1.562832444906234741e-01
9.766106605529785156e-01 1.211492872243979946e-05 -1.542884041555225849e-03 2.150103151798248291e-01
9.556589126586914062e-01 3.442049492150545120e-04 -1.665096264332532883e-03 2.944710254669189453e-01
1.000000000000000000e+00 0.000000000000000000e+00 0.000000000000000000e+00 0.000000000000000000e+00
9.921840429306030273e-01 -4.035181552171707153e-02 -7.044501602649688721e-02 9.476355463266372681e-02
9.590174555778503418e-01 -7.509614806622266769e-04 -2.416822593659162521e-03 2.833357453346252441e-01
9.749152064323425293e-01 6.381660350598394871e-04 -6.295094266533851624e-03 2.224866598844528198e-01
1.000000000000000000e+00 0.000000000000000000e+00 0.000000000000000000e+00 0.000000000000000000e+00
9.963084459304809570e-01 -7.785185705870389938e-03 -2.667629346251487732e-02 8.122342824935913086e-02
9.641112089157104492e-01 1.286621263716369867e-04 -5.609517917037010193e-03 2.654394209384918213e-01
9.949620962142944336e-01 1.457394973840564489e-04 -1.120984961744397879e-04 1.002520322799682617e-01
1.000000000000000000e+00 0.000000000000000000e+00 0.000000000000000000e+00 0.000000000000000000e+00
9.916805624961853027e-01 1.021568663418292999e-02 -5.427486449480056763e-02 1.162737533450126648e-01
9.989642500877380371e-01 2.710134140215814114e-05 -2.088622422888875008e-03 4.545438289642333984e-02
9.990376234054565430e-01 1.437291211914271116e-04 -1.505730091594159603e-03 4.383557289838790894e-02
1.000000000000000000e+00 0.000000000000000000e+00 0.000000000000000000e+00 0.000000000000000000e+00
9.984309673309326172e-01 8.025574497878551483e-03 -5.467993766069412231e-02 -9.016105905175209045e-03
9.842399954795837402e-01 8.779305219650268555e-02 -1.532151997089385986e-01 -9.450170211493968964e-03
9.974903464317321777e-01 -3.986262157559394836e-02 5.627058818936347961e-02 -1.605007983744144440e-02
1.000000000000000000e+00 0.000000000000000000e+00 0.000000000000000000e+00 0.000000000000000000e+00
8.678208589553833008e-01 -4.183248281478881836e-01 1.996718496084213257e-01 1.789482980966567993e-01
5.958754420280456543e-01 7.957381010055541992e-01 5.815853551030158997e-02 9.138326346874237061e-02
9.692358374595642090e-01 -2.278671413660049438e-01 -4.783671349287033081e-03 9.292800724506378174e-02
9.983952045440673828e-01 -5.663053691387176514e-02 4.696135036397208751e-08 -8.368620285637007328e-08
1.000000000000000000e+00 0.000000000000000000e+00 0.000000000000000000e+00 0.000000000000000000e+00
8.906359076499938965e-01 -4.104096293449401855e-01 -1.192706227302551270e-01 -1.552615463733673096e-01
6.967089772224426270e-01 7.121984958648681641e-01 5.885004252195358276e-02 6.250230222940444946e-02
9.994176626205444336e-01 -2.924653701484203339e-02 -2.072245115414261818e-03 1.745457015931606293e-02
9.998459219932556152e-01 -1.756027527153491974e-02 -4.328171598899643868e-09 5.736391806010487926e-09
1.000000000000000000e+00 0.000000000000000000e+00 0.000000000000000000e+00 0.000000000000000000e+00
#New slice
