#Array shape: (1, 67, 4)
8.649269342422485352e-01 -8.364991843700408936e-02 -4.914077520370483398e-01 -5.850262567400932312e-02
9.933360815048217773e-01 1.138873398303985596e-01 1.003661751747131348e-02 -1.457220595329999924e-02
9.996684193611145020e-01 -2.067671902477741241e-02 1.127636525779962540e-02 1.040988042950630188e-02
9.996739625930786133e-01 -2.083018794655799866e-02 1.135342661291360855e-02 9.446018375456333160e-03
9.720950722694396973e-01 1.478312760591506958e-01 1.655457913875579834e-01 7.597187161445617676e-02
9.820289015769958496e-01 -3.126151859760284424e-02 1.861191540956497192e-01 1.284560654312372208e-03
1.000000000000000000e+00 0.000000000000000000e+00 0.000000000000000000e+00 0.000000000000000000e+00
1.000000000000000000e+00 0.000000000000000000e+00 0.000000000000000000e+00 0.000000000000000000e+00
1.000000000000000000e+00 0.000000000000000000e+00 0.000000000000000000e+00 0.000000000000000000e+00
9.987033605575561523e-01 4.318731278181076050e-02 -2.689795196056365967e-02 1.768623478710651398e-03
7.413255572319030762e-01 -6.843357533216476440e-02 1.760925054550170898e-01 -6.440068483352661133e-01
9.893001914024353027e-01 4.702257574535906315e-04 -1.458572000265121460e-01 -3.248558146879076958e-03
9.997300505638122559e-01 -3.388145705685019493e-04 2.206104062497615814e-02 7.292275782674551010e-03
9.785361886024475098e-01 1.394892036914825439e-01 3.346916055306792259e-03 1.516532748937606812e-01
9.609255790710449219e-01 -3.463596478104591370e-02 2.664464712142944336e-01 -6.654834002256393433e-02
9.974645376205444336e-01 -5.856985226273536682e-02 3.199861571192741394e-02 -2.470195852220058441e-02
1.000000000000000000e+00 0.000000000000000000e+00 0.000000000000000000e+00 0.000000000000000000e+00
9.929974079132080078e-01 1.407289993949234486e-03 3.230601921677589417e-02 -1.136242300271987915e-01
9.787960052490234375e-01 -2.122042141854763031e-02 1.880491152405738831e-02 -2.028655409812927246e-01
9.849321842193603516e-01 -2.000789530575275421e-02 4.062607139348983765e-02 -1.669072210788726807e-01
1.000000000000000000e+00 0.000000000000000000e+00 0.000000000000000000e+00 0.000000000000000000e+00
9.879955053329467773e-01 -3.043011203408241272e-02 4.750534519553184509e-02 -1.438127607107162476e-01
9.653673768043518066e-01 -7.017510943114757538e-03 4.367987811565399170e-02 -2.571161091327667236e-01
9.918706417083740234e-01 -6.468737963587045670e-03 9.169405326247215271e-03 -1.267548501491546631e-01
1.000000000000000000e+00 0.000000000000000000e+00 0.000000000000000000e+00 0.000000000000000000e+00
9.894055724143981934e-01 -5.333300307393074036e-02 8.578944206237792969e-02 -1.042718589305877686e-01
9.553079009056091309e-01 2.391083724796772003e-02 4.350092262029647827e-02 -2.914150655269622803e-01
9.893046617507934570e-01 1.472713239490985870e-02 2.948518097400665283e-02 -1.420914828777313232e-01
1.000000000000000000e+00 0.000000000000000000e+00 0.000000000000000000e+00 0.000000000000000000e+00
9.872057437896728516e-01 -7.234328240156173706e-02 3.930858150124549866e-02 -1.365507841110229492e-01
9.679023027420043945e-01 7.902875542640686035e-02 5.424638092517852783e-02 -2.323293685913085938e-01
9.959307312965393066e-01 4.952302575111389160e-02 3.723991289734840393e-02 -6.544231623411178589e-02
1.000000000000000000e+00 0.000000000000000000e+00 0.000000000000000000e+00 0.000000000000000000e+00
9.987469911575317383e-01 4.503535479307174683e-02 -2.319277497008442879e-03 -2.170439437031745911e-02
7.730720639228820801e-01 -7.471269462257623672e-03 -6.468231976032257080e-02 6.309674382209777832e-01
9.661538004875183105e-01 -1.887892559170722961e-02 2.572259008884429932e-01 5.027816165238618851e-03
9.998068213462829590e-01 6.574390863534063101e-05 3.272003261372447014e-03 1.938258484005928040e-02
9.813727140426635742e-01 1.791265211068093777e-03 -1.674037277698516846e-01 9.423586726188659668e-02
9.860281944274902344e-01 2.584530226886272430e-02 -2.297271974384784698e-02 1.629499793052673340e-01
9.664459228515625000e-01 4.280013963580131531e-02 -5.605520308017730713e-02 2.469988912343978882e-01
1.000000000000000000e+00 0.000000000000000000e+00 0.000000000000000000e+00 0.000000000000000000e+00
9.940724968910217285e-01 6.748257670551538467e-03 -1.027014255523681641e-01 3.502774983644485474e-02
9.721169471740722656e-01 7.581725716590881348e-03 -3.553461655974388123e-02 2.316645681858062744e-01
9.849791526794433594e-01 5.444678477942943573e-03 -3.622334077954292297e-02 1.687438637018203735e-01
1.000000000000000000e+00 0.000000000000000000e+00 0.000000000000000000e+00 0.000000000000000000e+00
9.984115958213806152e-01 1.870428095571696758e-03 -5.167038366198539734e-02 2.238263376057147980e-02
9.774138331413269043e-01 4.576938692480325699e-03 -3.837940841913223267e-02 2.077698707580566406e-01
9.986242651939392090e-01 4.002168425358831882e-04 1.525599323213100433e-02 -5.016632378101348877e-02
1.000000000000000000e+00 0.000000000000000000e+00 0.000000000000000000e+00 0.000000000000000000e+00
9.999683499336242676e-01 -4.478537885006517172e-04 4.649453796446323395e-03 6.442369893193244934e-03
9.990178346633911133e-01 1.391352125210687518e-04 -7.482454529963433743e-04 4.430501908063888550e-02
9.995412826538085938e-01 3.977890301030129194e-04 -1.749806106090545654e-02 -2.471608296036720276e-02
1.000000000000000000e+00 0.000000000000000000e+00 0.000000000000000000e+00 0.000000000000000000e+00
9.938973784446716309e-01 -2.533692121505737305e-02 -5.103325471282005310e-02 9.445479512214660645e-02
9.750998616218566895e-01 3.593832626938819885e-02 -2.040833383798599243e-01 -7.898573577404022217e-02
9.905881881713867188e-01 -3.715509548783302307e-02 1.236877590417861938e-01 4.534370824694633484e-02
1.000000000000000000e+00 0.000000000000000000e+00 0.000000000000000000e+00 0.000000000000000000e+00
9.860481023788452148e-01 1.107489839196205139e-01 1.233962103724479675e-01 1.473713386803865433e-02
9.596410989761352539e-01 1.390575058758258820e-02 -2.796335220336914062e-01 -2.647491171956062317e-02
9.984325766563415527e-01 -1.434021070599555969e-02 3.624101728200912476e-02 4.016850143671035767e-02
9.997569322586059570e-01 -2.204801328480243683e-02 -2.852867737601627596e-07 2.538895103043614654e-07
1.000000000000000000e+00 0.000000000000000000e+00 0.000000000000000000e+00 0.000000000000000000e+00
8.041313290596008301e-01 -5.791422128677368164e-01 -8.334414660930633545e-02 -1.049801930785179138e-01
5.641503930091857910e-01 8.176558613777160645e-01 5.745135247707366943e-02 9.936092793941497803e-02
9.907262921333312988e-01 1.271573305130004883e-01 1.965539902448654175e-02 -4.365879297256469727e-02
9.590191841125488281e-01 -2.833412587642669678e-01 -6.056929464648419525e-07 -3.589861989894416183e-07
1.000000000000000000e+00 0.000000000000000000e+00 0.000000000000000000e+00 0.000000000000000000e+00
#New slice
