#Array shape: (1, 67, 4)
9.973071217536926270e-01 -2.037727972492575645e-03 -6.245952844619750977e-02 -3.838404640555381775e-02
9.969121217727661133e-01 5.933693796396255493e-02 -3.818280296400189400e-03 5.129302293062210083e-02
9.998782873153686523e-01 5.326912505552172661e-04 -1.096664648503065109e-02 1.108572538942098618e-02
9.998731017112731934e-01 1.604339486220851541e-04 -1.093734055757522583e-02 1.158985216170549393e-02
9.942587614059448242e-01 4.307792708277702332e-02 1.151369977742433548e-02 9.726867079734802246e-02
9.873146414756774902e-01 1.326822340488433838e-01 7.756438106298446655e-02 -3.986154496669769287e-02
1.000000000000000000e+00 0.000000000000000000e+00 0.000000000000000000e+00 0.000000000000000000e+00
1.000000000000000000e+00 0.000000000000000000e+00 0.000000000000000000e+00 0.000000000000000000e+00
1.000000000000000000e+00 0.000000000000000000e+00 0.000000000000000000e+00 0.000000000000000000e+00
9.982081055641174316e-01 6.798458285629749298e-03 -3.219430148601531982e-02 -4.997937753796577454e-02
7.243337035179138184e-01 3.710027635097503662e-01 -2.057808190584182739e-01 -5.434628725051879883e-01
9.645307064056396484e-01 2.324964851140975952e-01 -1.231159344315528870e-01 2.164321020245552063e-02
9.603466391563415527e-01 -2.538658380508422852e-01 -2.064734697341918945e-02 1.134035289287567139e-01
9.943425059318542480e-01 -1.597709581255912781e-02 4.420053958892822266e-02 9.525807946920394897e-02
9.843373894691467285e-01 8.759535104036331177e-02 1.527080386877059937e-01 9.340465068817138672e-03
9.974550604820251465e-01 -4.009506478905677795e-02 -5.676743760704994202e-02 1.591549813747406006e-02
1.000000000000000000e+00 0.000000000000000000e+00 0.000000000000000000e+00 0.000000000000000000e+00
9.997678995132446289e-01 -1.051111728884279728e-03 -4.632848314940929413e-03 -2.101350575685501099e-02
9.996563792228698730e-01 -1.319477723882300779e-05 2.095983596518635750e-03 -2.612952888011932373e-02
9.997299909591674805e-01 -1.718338012324238662e-06 1.511604175902903080e-03 -2.319138497114181519e-02
1.000000000000000000e+00 0.000000000000000000e+00 0.000000000000000000e+00 0.000000000000000000e+00
9.993901252746582031e-01 -4.900561179965734482e-03 2.662354893982410431e-02 -2.206218615174293518e-02
9.781476855278015137e-01 -2.079457335639744997e-04 5.623938981443643570e-03 -2.078351229429244995e-01
9.991546273231506348e-01 1.325151533819735050e-04 1.363118208246305585e-04 -4.111025854945182800e-02
1.000000000000000000e+00 0.000000000000000000e+00 0.000000000000000000e+00 0.000000000000000000e+00
9.975107908248901367e-01 -3.264361619949340820e-02 5.206400901079177856e-02 -3.458568453788757324e-02
9.746969342231750488e-01 -9.034472750499844551e-04 2.384272171184420586e-03 -2.235160022974014282e-01
9.866333007812500000e-01 2.703403297346085310e-04 6.343035958707332611e-03 -1.628324985504150391e-01
1.000000000000000000e+00 0.000000000000000000e+00 0.000000000000000000e+00 0.000000000000000000e+00
9.906365275382995605e-01 -7.354875653982162476e-02 4.977864027023315430e-02 -1.036918759346008301e-01
9.901937246322631836e-01 -1.088094068109057844e-04 1.559824100695550442e-03 -1.396930962800979614e-01
9.775423407554626465e-01 2.878426457755267620e-04 1.701631932519376278e-03 -2.107320129871368408e-01
1.000000000000000000e+00 0.000000000000000000e+00 0.000000000000000000e+00 0.000000000000000000e+00
9.667380452156066895e-01 -9.957435727119445801e-02 1.227606534957885742e-01 -2.010779082775115967e-01
7.375588417053222656e-01 -6.696305871009826660e-01 4.297265037894248962e-02 7.586311548948287964e-02
4.247991740703582764e-01 -3.863821923732757568e-02 9.007533788681030273e-01 8.183021843433380127e-02
9.711186885833740234e-01 -1.495273411273956299e-01 1.698711961507797241e-01 7.559049129486083984e-02
9.861915111541748047e-01 -1.327368170022964478e-01 1.196374557912349701e-02 9.830715507268905640e-02
9.794057607650756836e-01 -3.435853868722915649e-04 -2.132863504812121391e-03 2.018908113241195679e-01
9.994210600852966309e-01 -2.157384415113483556e-06 -1.211966038681566715e-03 3.400165587663650513e-02
1.000000000000000000e+00 0.000000000000000000e+00 0.000000000000000000e+00 0.000000000000000000e+00
9.936159849166870117e-01 -9.301159530878067017e-02 -4.304415732622146606e-02 4.715212434530258179e-02
9.704028964042663574e-01 -1.213510870002210140e-03 -2.621857216581702232e-03 2.414743155241012573e-01
9.958152770996093750e-01 -1.258109259651973844e-04 -6.158418487757444382e-03 9.118141978979110718e-02
1.000000000000000000e+00 0.000000000000000000e+00 0.000000000000000000e+00 0.000000000000000000e+00
9.942496418952941895e-01 -2.122479304671287537e-02 -4.735006392002105713e-02 9.367588162422180176e-02
9.780488610267639160e-01 -3.888869541697204113e-04 -5.727098323404788971e-03 2.082966715097427368e-01
9.970838427543640137e-01 3.073799307458102703e-04 -4.674531519412994385e-04 7.631220668554306030e-02
1.000000000000000000e+00 0.000000000000000000e+00 0.000000000000000000e+00 0.000000000000000000e+00
9.966912269592285156e-01 1.824397407472133636e-02 -3.308247029781341553e-02 7.196765393018722534e-02
9.868212938308715820e-01 -2.128386258846148849e-04 -2.160589210689067841e-03 1.617994159460067749e-01
9.920331239700317383e-01 2.147742343368008733e-04 -1.573226065374910831e-03 1.259674727916717529e-01
1.000000000000000000e+00 0.000000000000000000e+00 0.000000000000000000e+00 0.000000000000000000e+00
9.822481870651245117e-01 -1.741677708923816681e-02 -1.253127027302980423e-02 -1.863548606634140015e-01
9.965791106224060059e-01 4.904498159885406494e-02 -6.525979936122894287e-02 1.288642361760139465e-02
9.984862208366394043e-01 -3.153413068503141403e-03 -4.134096577763557434e-02 -3.614182025194168091e-02
1.000000000000000000e+00 0.000000000000000000e+00 0.000000000000000000e+00 0.000000000000000000e+00
9.809800982475280762e-01 -3.232986107468605042e-02 8.100667595863342285e-02 1.734098196029663086e-01
9.923534393310546875e-01 9.925588965415954590e-02 5.514880642294883728e-02 4.838958755135536194e-02
9.864085912704467773e-01 -1.625462435185909271e-02 3.454429283738136292e-02 -1.598148047924041748e-01
9.999998807907104492e-01 -5.046111764386296272e-04 -2.895939843483574805e-08 -6.527946627699066084e-09
1.000000000000000000e+00 0.000000000000000000e+00 0.000000000000000000e+00 0.000000000000000000e+00
9.892240762710571289e-01 -7.819334417581558228e-02 -9.928998351097106934e-02 7.391335815191268921e-02
9.826971292495727539e-01 1.792055219411849976e-01 4.445096850395202637e-02 1.469125412404537201e-02
9.938971996307373047e-01 -9.196937084197998047e-02 6.693304516375064850e-03 -6.054142117500305176e-02
9.997092485427856445e-01 -2.411626838147640228e-02 -2.466547677215658041e-08 -8.807035989377709484e-09
1.000000000000000000e+00 0.000000000000000000e+00 0.000000000000000000e+00 0.000000000000000000e+00
#New slice
