#Array shape: (12, 67, 4)
9.990787506103515625e-01 1.697721146047115326e-02 -1.392382103949785233e-02 3.687160462141036987e-02
9.736267328262329102e-01 2.247361689805984497e-01 -6.780497729778289795e-03 -3.871338441967964172e-02
9.992735981941223145e-01 -3.771410137414932251e-02 9.085705096367746592e-05 5.468036048114299774e-03
9.992736577987670898e-01 -3.768873959779739380e-02 -3.158813051413744688e-04 5.628733430057764053e-03
9.887986183166503906e-01 1.492278873920440674e-01 2.662505954504013062e-03 -1.126486575230956078e-03
9.955222010612487793e-01 6.535268574953079224e-02 6.734008342027664185e-02 -1.140604820102453232e-02
1.000000000000000000e+00 0.000000000000000000e+00 0.000000000000000000e+00 0.000000000000000000e+00
1.000000000000000000e+00 0.000000000000000000e+00 0.000000000000000000e+00 0.000000000000000000e+00
1.000000000000000000e+00 0.000000000000000000e+00 0.000000000000000000e+00 0.000000000000000000e+00
9.955576062202453613e-01 9.799866937100887299e-03 -5.931751802563667297e-02 -7.246076315641403198e-02
8.413495421409606934e-01 2.383754253387451172e-01 1.553662866353988647e-01 -4.595317542552947998e-01
6.917707920074462891e-01 -2.739824651598610217e-07 -7.221171855926513672e-01 -1.991732574424531776e-07
9.738015532493591309e-01 1.027019545435905457e-01 -1.110775694251060486e-01 1.697787046432495117e-01
9.843205213546752930e-01 -6.577133387327194214e-02 -6.258688122034072876e-02 1.512287706136703491e-01
9.436258673667907715e-01 2.238068729639053345e-01 2.434878349304199219e-01 -1.395049970597028732e-02
8.651452064514160156e-01 2.850718796253204346e-01 2.093954086303710938e-01 -3.555440902709960938e-01
1.000000000000000000e+00 0.000000000000000000e+00 0.000000000000000000e+00 0.000000000000000000e+00
8.796974420547485352e-01 -6.326423492282629013e-03 7.172155380249023438e-02 -4.700514972209930420e-01
9.577934145927429199e-01 -1.336998707301972900e-07 2.917518652975559235e-02 -2.859730720520019531e-01
9.956837892532348633e-01 1.082971294863455114e-07 9.419756010174751282e-03 -9.233131259679794312e-02
1.000000000000000000e+00 0.000000000000000000e+00 0.000000000000000000e+00 0.000000000000000000e+00
8.771830797195434570e-01 1.618104800581932068e-02 1.131371855735778809e-01 -4.663560986518859863e-01
9.730002284049987793e-01 -4.355104721298630466e-08 2.342514321208000183e-02 -2.296123951673507690e-01
9.835558533668518066e-01 1.088927437109532548e-08 1.833025552332401276e-02 -1.796718090772628784e-01
1.000000000000000000e+00 0.000000000000000000e+00 0.000000000000000000e+00 0.000000000000000000e+00
8.838268518447875977e-01 2.836063690483570099e-02 1.364540457725524902e-01 -4.465717077255249023e-01
9.522889852523803711e-01 9.535335721011506394e-08 3.097579255700111389e-02 -3.036217093467712402e-01
9.603543877601623535e-01 -2.133493381961670821e-08 2.829460985958576202e-02 -2.773424983024597168e-01
1.000000000000000000e+00 0.000000000000000000e+00 0.000000000000000000e+00 0.000000000000000000e+00
8.890527486801147461e-01 5.044717341661453247e-02 1.830667406320571899e-01 -4.165655374526977539e-01
9.611046314239501953e-01 -9.932380251598260656e-09 2.803101018071174622e-02 -2.747584283351898193e-01
9.551597833633422852e-01 -7.800351475850675342e-09 3.005160950124263763e-02 -2.945622205734252930e-01
1.000000000000000000e+00 0.000000000000000000e+00 0.000000000000000000e+00 0.000000000000000000e+00
9.887350201606750488e-01 1.096200104802846909e-02 4.839389398694038391e-02 1.412122249603271484e-01
8.573820590972900391e-01 8.641155809164047241e-02 -4.128829389810562134e-02 5.056919455528259277e-01
8.329452276229858398e-01 1.140302874347298712e-08 5.533555150032043457e-01 -1.379766132458826178e-07
9.984766244888305664e-01 -9.039281285367906094e-04 2.118496410548686981e-02 -5.093991383910179138e-02
8.898592591285705566e-01 -9.225894697010517120e-03 -5.346204340457916260e-02 4.529980123043060303e-01
9.399822950363159180e-01 -8.669389472970578936e-08 -2.754686959087848663e-02 3.401094973087310791e-01
9.695996046066284180e-01 9.989440030722107622e-08 -1.975440792739391327e-02 2.438987195491790771e-01
1.000000000000000000e+00 0.000000000000000000e+00 0.000000000000000000e+00 0.000000000000000000e+00
8.526630401611328125e-01 -8.064819499850273132e-03 -6.236245483160018921e-02 5.186632871627807617e-01
9.073352813720703125e-01 -3.079311250431260305e-09 -3.393947705626487732e-02 4.190356135368347168e-01
9.805552959442138672e-01 -8.310673260680800922e-10 -1.584262773394584656e-02 1.956029236316680908e-01
1.000000000000000000e+00 0.000000000000000000e+00 0.000000000000000000e+00 0.000000000000000000e+00
8.729258179664611816e-01 -5.318368598818778992e-02 2.305240370333194733e-02 4.843973815441131592e-01
9.349049329757690430e-01 -4.980842405188923294e-10 -2.865089476108551025e-02 3.537401258945465088e-01
9.787865281105041504e-01 7.208738679764792323e-06 -1.654015481472015381e-02 2.042140513658523560e-01
1.000000000000000000e+00 0.000000000000000000e+00 0.000000000000000000e+00 0.000000000000000000e+00
9.252097010612487793e-01 -4.193519800901412964e-02 3.827452659606933594e-02 3.751847147941589355e-01
8.835171461105346680e-01 5.797596003276339616e-08 -3.781379386782646179e-02 4.668702185153961182e-01
9.884510040283203125e-01 3.533265346966629750e-10 -1.223382912576198578e-02 1.510460823774337769e-01
1.000000000000000000e+00 0.000000000000000000e+00 0.000000000000000000e+00 0.000000000000000000e+00
9.832047820091247559e-01 -7.198271155357360840e-02 7.924567908048629761e-02 -1.478071212768554688e-01
8.702352643013000488e-01 2.797357738018035889e-01 -4.017240107059478760e-01 5.528401583433151245e-02
9.096949696540832520e-01 6.919168401509523392e-03 1.425566673278808594e-01 -3.899805545806884766e-01
1.000000000000000000e+00 0.000000000000000000e+00 0.000000000000000000e+00 0.000000000000000000e+00
8.824961781501770020e-01 -4.697709083557128906e-01 -3.665982978418469429e-03 -2.241313643753528595e-02
6.909767985343933105e-01 7.214199900627136230e-01 4.251896589994430542e-02 1.721645519137382507e-02
9.969237446784973145e-01 3.837951645255088806e-02 2.392273629084229469e-03 -6.829602271318435669e-02
1.000000000000000000e+00 2.221825923243159195e-07 1.356069034841311804e-08 -2.297505830028967466e-08
1.000000000000000000e+00 0.000000000000000000e+00 0.000000000000000000e+00 0.000000000000000000e+00
9.509001970291137695e-01 -3.075382709503173828e-01 -2.876200154423713684e-02 -1.953984983265399933e-02
8.739460110664367676e-01 4.841746389865875244e-01 -1.628716662526130676e-02 -3.908968716859817505e-02
9.729078412055969238e-01 -2.100417017936706543e-01 -9.119590371847152710e-02 3.188014030456542969e-02
9.999990463256835938e-01 -1.380861271172761917e-03 5.044520801078533623e-09 -2.252578568118224212e-08
1.000000000000000000e+00 0.000000000000000000e+00 0.000000000000000000e+00 0.000000000000000000e+00
#New slice
9.985687732696533203e-01 2.533134073019027710e-02 -2.454280108213424683e-02 4.020418971776962280e-02
9.743909239768981934e-01 2.191828191280364990e-01 -2.095716074109077454e-03 -5.016797780990600586e-02
9.994102120399475098e-01 -3.356079757213592529e-02 2.369309077039361000e-03 6.877378094941377640e-03
9.994102716445922852e-01 -3.360542654991149902e-02 2.184270182624459267e-03 6.722693797200918198e-03
9.883459210395812988e-01 1.521931141614913940e-01 2.190298633649945259e-03 -2.200180664658546448e-03
9.962310791015625000e-01 5.906553938984870911e-02 6.139075383543968201e-02 -1.631846837699413300e-02
1.000000000000000000e+00 0.000000000000000000e+00 0.000000000000000000e+00 0.000000000000000000e+00
1.000000000000000000e+00 0.000000000000000000e+00 0.000000000000000000e+00 0.000000000000000000e+00
1.000000000000000000e+00 0.000000000000000000e+00 0.000000000000000000e+00 0.000000000000000000e+00
9.947700500488281250e-01 1.020944677293300629e-02 -6.142425537109375000e-02 -8.096522837877273560e-02
8.340460062026977539e-01 2.115469574928283691e-01 1.580393910408020020e-01 -4.843954145908355713e-01
7.233174443244934082e-01 -1.010786760957671504e-07 -6.905157566070556641e-01 -1.380502681058715098e-07
9.795166254043579102e-01 8.483725041151046753e-02 -9.835679084062576294e-02 1.538698077201843262e-01
9.843205213546752930e-01 -6.577133387327194214e-02 -6.258688122034072876e-02 1.512287706136703491e-01
9.482020735740661621e-01 2.200624197721481323e-01 2.283868491649627686e-01 -1.802278682589530945e-02
9.045314192771911621e-01 2.283746004104614258e-01 1.845374405384063721e-01 -3.092149794101715088e-01
1.000000000000000000e+00 0.000000000000000000e+00 0.000000000000000000e+00 0.000000000000000000e+00
8.865452408790588379e-01 -1.209344901144504547e-02 5.926188454031944275e-02 -4.586715102195739746e-01
9.606040120124816895e-01 1.187659126600237869e-08 2.820733375847339630e-02 -2.764855921268463135e-01
9.953473806381225586e-01 4.143290510683073080e-08 9.779142215847969055e-03 -9.585489332675933838e-02
1.000000000000000000e+00 0.000000000000000000e+00 0.000000000000000000e+00 0.000000000000000000e+00
8.724532127380371094e-01 7.749467622488737106e-03 9.815032780170440674e-02 -4.786771833896636963e-01
9.717404842376708984e-01 1.952754047351845657e-07 2.395800687372684479e-02 -2.348332405090332031e-01
9.849379658699035645e-01 -3.073085252935925382e-08 1.754907146096229553e-02 -1.720153093338012695e-01
1.000000000000000000e+00 0.000000000000000000e+00 0.000000000000000000e+00 0.000000000000000000e+00
8.745609521865844727e-01 1.613955013453960419e-02 1.130778416991233826e-01 -4.712706804275512695e-01
9.457664489746093750e-01 4.431275613114848966e-08 3.297015279531478882e-02 -3.231699466705322266e-01
9.623444676399230957e-01 2.080693128903021716e-08 2.758943475782871246e-02 -2.704292535781860352e-01
1.000000000000000000e+00 0.000000000000000000e+00 0.000000000000000000e+00 0.000000000000000000e+00
9.017387628555297852e-01 3.625426441431045532e-02 1.567363888025283813e-01 -4.012313187122344971e-01
9.636037945747375488e-01 6.330571977741783485e-08 2.713283337652683258e-02 -2.659541666507720947e-01
9.519032835960388184e-01 -7.337845886468130630e-09 3.109762631356716156e-02 -3.048165440559387207e-01
1.000000000000000000e+00 0.000000000000000000e+00 0.000000000000000000e+00 0.000000000000000000e+00
9.874790310859680176e-01 1.274820324033498764e-02 6.966692954301834106e-02 1.409579366445541382e-01
8.624235987663269043e-01 5.637529492378234863e-02 -2.963555976748466492e-02 5.021644830703735352e-01
8.549587130546569824e-01 1.583691577877743839e-08 5.186960697174072266e-01 -8.374119886411790503e-08
9.986073970794677734e-01 1.837704144418239594e-02 1.490102522075176239e-02 -4.715406894683837891e-02
8.837689161300659180e-01 -1.025840360671281815e-02 -5.282870680093765259e-02 4.648186564445495605e-01
9.237490296363830566e-01 7.208620900200912729e-08 -3.091944195330142975e-02 3.817482888698577881e-01
9.628445506095886230e-01 -1.063987831173562881e-08 -2.180165611207485199e-02 2.691748440265655518e-01
1.000000000000000000e+00 0.000000000000000000e+00 0.000000000000000000e+00 0.000000000000000000e+00
8.470898270606994629e-01 -1.216699555516242981e-02 -5.669023096561431885e-02 5.282773971557617188e-01
8.905346393585205078e-01 -8.575573673397229868e-08 -3.672523424029350281e-02 4.534306824207305908e-01
9.786908626556396484e-01 6.982367750651974347e-08 -1.657707244157791138e-02 2.046690732240676880e-01
1.000000000000000000e+00 0.000000000000000000e+00 0.000000000000000000e+00 0.000000000000000000e+00
8.679957985877990723e-01 -5.287437140941619873e-02 1.960946246981620789e-02 4.933592081069946289e-01
9.232039451599121094e-01 5.144849168914333859e-08 -3.102531284093856812e-02 3.830560147762298584e-01
9.782738685607910156e-01 7.218824976007454097e-06 -1.673663035035133362e-02 2.066404670476913452e-01
1.000000000000000000e+00 0.000000000000000000e+00 0.000000000000000000e+00 0.000000000000000000e+00
9.215423464775085449e-01 -4.274874180555343628e-02 3.672723472118377686e-02 3.841658830642700195e-01
8.674058914184570312e-01 1.245477108113846043e-07 -4.017127305269241333e-02 4.959770739078521729e-01
9.884155392646789551e-01 6.990227774394952576e-08 -1.225252635776996613e-02 1.512766927480697632e-01
1.000000000000000000e+00 0.000000000000000000e+00 0.000000000000000000e+00 0.000000000000000000e+00
9.878504872322082520e-01 -5.454942211508750916e-02 7.609649747610092163e-02 -1.240369006991386414e-01
8.882843852043151855e-01 2.613849639892578125e-01 -3.752945959568023682e-01 4.222276806831359863e-02
9.257225990295410156e-01 4.292099270969629288e-03 1.282587200403213501e-01 -3.557656407356262207e-01
1.000000000000000000e+00 0.000000000000000000e+00 0.000000000000000000e+00 0.000000000000000000e+00
8.935804963111877441e-01 -4.489026367664337158e-01 -5.210859235376119614e-04 1.128501462517306209e-04
7.904765009880065918e-01 6.109983325004577637e-01 4.234360158443450928e-02 -5.913509987294673920e-03
9.945438504219055176e-01 4.690469801425933838e-02 -3.714152378961443901e-03 -9.310608357191085815e-02
9.958430528640747070e-01 -5.961323902010917664e-02 -4.114331211894750595e-03 6.874692440032958984e-02
1.000000000000000000e+00 0.000000000000000000e+00 0.000000000000000000e+00 0.000000000000000000e+00
9.447415471076965332e-01 -3.257759213447570801e-01 -3.221814706921577454e-02 -1.719446107745170593e-02
8.441819548606872559e-01 5.350633859634399414e-01 -7.353959605097770691e-03 -3.178321197628974915e-02
9.652746319770812988e-01 -2.442077845335006714e-01 -9.067620337009429932e-02 1.962869428098201752e-02
9.996261596679687500e-01 -2.734534814953804016e-02 -1.906587421274252847e-08 -2.476028049258616193e-09
1.000000000000000000e+00 0.000000000000000000e+00 0.000000000000000000e+00 0.000000000000000000e+00
#New slice
9.977728724479675293e-01 3.572035953402519226e-02 -2.919593639671802521e-02 4.817641526460647583e-02
9.760147929191589355e-01 2.092666476964950562e-01 1.815873081795871258e-03 -5.999430641531944275e-02
9.995550513267517090e-01 -2.860775217413902283e-02 4.520826041698455811e-03 7.131681311875581741e-03
9.995551109313964844e-01 -2.871497347950935364e-02 4.484908655285835266e-03 6.712307222187519073e-03
9.878041148185729980e-01 1.556739956140518188e-01 1.232836162671446800e-03 -2.709546126425266266e-03
9.965110421180725098e-01 6.377304345369338989e-02 5.060097202658653259e-02 -1.839843951165676117e-02
1.000000000000000000e+00 0.000000000000000000e+00 0.000000000000000000e+00 0.000000000000000000e+00
1.000000000000000000e+00 0.000000000000000000e+00 0.000000000000000000e+00 0.000000000000000000e+00
1.000000000000000000e+00 0.000000000000000000e+00 0.000000000000000000e+00 0.000000000000000000e+00
9.943992495536804199e-01 1.038900110870599747e-02 -6.287337094545364380e-02 -8.431573957204818726e-02
8.346006274223327637e-01 2.093910425901412964e-01 1.482326090335845947e-01 -4.874671995639801025e-01
7.335613965988159180e-01 -8.036418819301616168e-08 -6.796231865882873535e-01 1.367513533523379010e-07
9.837643504142761230e-01 7.312746345996856689e-02 -8.764346688985824585e-02 1.384880542755126953e-01
9.843205213546752930e-01 -6.577133387327194214e-02 -6.258688122034072876e-02 1.512287706136703491e-01
9.458751082420349121e-01 2.272778600454330444e-01 2.284949272871017456e-01 -3.814651817083358765e-02
9.412775635719299316e-01 1.708348989486694336e-01 1.499044150114059448e-01 -2.496811449527740479e-01
1.000000000000000000e+00 0.000000000000000000e+00 0.000000000000000000e+00 0.000000000000000000e+00
9.052298665046691895e-01 -1.607732661068439484e-02 4.502051696181297302e-02 -4.222245216369628906e-01
9.581438302993774414e-01 2.041214841597138729e-08 2.905648574233055115e-02 -2.848089039325714111e-01
9.940634965896606445e-01 -3.864649045226542512e-09 1.104273833334445953e-02 -1.082404181361198425e-01
1.000000000000000000e+00 0.000000000000000000e+00 0.000000000000000000e+00 0.000000000000000000e+00
8.853685259819030762e-01 1.458969898521900177e-03 8.517999202013015747e-02 -4.570175409317016602e-01
9.681630730628967285e-01 6.372906824481106014e-08 2.540605142712593079e-02 -2.490281462669372559e-01
9.874913096427917480e-01 -7.544958435801163432e-09 1.600300706923007965e-02 -1.568592488765716553e-01
1.000000000000000000e+00 0.000000000000000000e+00 0.000000000000000000e+00 0.000000000000000000e+00
8.883596658706665039e-01 1.038710866123437881e-02 1.019121482968330383e-01 -4.475747048854827881e-01
9.389723539352416992e-01 -3.917819668686206569e-08 3.491320461034774780e-02 -3.422164022922515869e-01
9.677117466926574707e-01 4.908223161237401655e-08 2.558264881372451782e-02 -2.507579624652862549e-01
1.000000000000000000e+00 0.000000000000000000e+00 0.000000000000000000e+00 0.000000000000000000e+00
9.171791076660156250e-01 2.724729292094707489e-02 1.403123140335083008e-01 -3.719576597213745117e-01
9.583256244659423828e-01 1.457734377652286639e-08 2.899457141757011414e-02 -2.842033207416534424e-01
9.372495412826538086e-01 5.365851762917372980e-08 3.538694605231285095e-02 -3.468588888645172119e-01
1.000000000000000000e+00 0.000000000000000000e+00 0.000000000000000000e+00 0.000000000000000000e+00
9.859323501586914062e-01 1.391179952770471573e-02 8.203870803117752075e-02 1.449603438377380371e-01
8.666176795959472656e-01 3.528307378292083740e-02 -5.192305892705917358e-02 4.950079619884490967e-01
8.450281620025634766e-01 7.935878443277033512e-08 5.347217917442321777e-01 5.432220362422413018e-08
9.961922764778137207e-01 6.402424722909927368e-02 -3.036633832380175591e-03 -5.909837409853935242e-02
8.690143227577209473e-01 -1.291612070053815842e-02 -5.119843035936355591e-02 4.919613897800445557e-01
8.936799764633178711e-01 -2.709514212995145499e-08 -3.622391074895858765e-02 4.472403228282928467e-01
9.435674548149108887e-01 -4.935114095161452497e-09 -2.673612162470817566e-02 3.300994932651519775e-01
1.000000000000000000e+00 0.000000000000000000e+00 0.000000000000000000e+00 0.000000000000000000e+00
8.385226726531982422e-01 -2.245707437396049500e-02 -4.233568906784057617e-02 5.427550673484802246e-01
8.655003309249877930e-01 -1.721681819333298336e-08 -4.043827578425407410e-02 4.992733895778656006e-01
9.755253195762634277e-01 2.649259833731321123e-08 -1.775150932371616364e-02 2.191694825887680054e-01
1.000000000000000000e+00 0.000000000000000000e+00 0.000000000000000000e+00 0.000000000000000000e+00
8.615385293960571289e-01 -5.352035164833068848e-02 1.723810285329818726e-02 5.045689344406127930e-01
9.074555635452270508e-01 -1.180246478327262594e-08 -3.391857445240020752e-02 4.187769591808319092e-01
9.776160717010498047e-01 7.453150828951038420e-06 -1.698535680770874023e-02 2.097105383872985840e-01
1.000000000000000000e+00 0.000000000000000000e+00 0.000000000000000000e+00 0.000000000000000000e+00
9.193034768104553223e-01 -4.407539218664169312e-02 3.796698898077011108e-02 3.892261385917663574e-01
8.457052707672119141e-01 5.175817463509702065e-08 -4.308152943849563599e-02 5.319083929061889648e-01
9.884675145149230957e-01 -6.306774480435706209e-08 -1.222520787268877029e-02 1.509395688772201538e-01
1.000000000000000000e+00 0.000000000000000000e+00 0.000000000000000000e+00 0.000000000000000000e+00
9.920815229415893555e-01 -3.450558707118034363e-02 7.240240275859832764e-02 -9.665154665708541870e-02
9.106494784355163574e-01 2.357429713010787964e-01 -3.384120464324951172e-01 2.490110695362091064e-02
9.381452798843383789e-01 1.625025412067770958e-03 1.179836913943290710e-01 -3.255160748958587646e-01
1.000000000000000000e+00 0.000000000000000000e+00 0.000000000000000000e+00 0.000000000000000000e+00
9.112299680709838867e-01 -4.117394685745239258e-01 1.142922136932611465e-02 3.837067924905568361e-04
8.485887646675109863e-01 5.243446230888366699e-01 7.007336616516113281e-02 -7.038252428174018860e-03
9.872319102287292480e-01 -1.578322947025299072e-01 1.786336419172585011e-03 -2.142119407653808594e-02
9.999971389770507812e-01 -2.392725786194205284e-03 -5.467481400955875870e-08 6.553100774908671156e-06
1.000000000000000000e+00 0.000000000000000000e+00 0.000000000000000000e+00 0.000000000000000000e+00
9.356623888015747070e-01 -3.497467935085296631e-01 -3.942110389471054077e-02 -2.567309699952602386e-02
8.076047301292419434e-01 5.894119739532470703e-01 2.326537156477570534e-03 -1.904648542404174805e-02
9.629183411598205566e-01 -2.495947778224945068e-01 -1.007504314184188843e-01 1.843814551830291748e-02
9.964938759803771973e-01 -8.366627246141433716e-02 -3.286539751456984959e-08 8.583093347169779008e-09
1.000000000000000000e+00 0.000000000000000000e+00 0.000000000000000000e+00 0.000000000000000000e+00
#New slice
9.971985220909118652e-01 4.842201620340347290e-02 -3.340261429548263550e-02 4.620252922177314758e-02
9.790115356445312500e-01 1.966274976730346680e-01 6.279620807617902756e-03 -5.324093997478485107e-02
9.996646642684936523e-01 -2.470299042761325836e-02 6.048769224435091019e-03 4.878392443060874939e-03
9.996646642684936523e-01 -2.480783127248287201e-02 6.065565161406993866e-03 4.286095965653657913e-03
9.874244332313537598e-01 1.580608189105987549e-01 3.653829917311668396e-04 -3.129751654341816902e-03
9.963685870170593262e-01 6.957858055830001831e-02 4.301597923040390015e-02 -2.362908422946929932e-02
1.000000000000000000e+00 0.000000000000000000e+00 0.000000000000000000e+00 0.000000000000000000e+00
1.000000000000000000e+00 0.000000000000000000e+00 0.000000000000000000e+00 0.000000000000000000e+00
1.000000000000000000e+00 0.000000000000000000e+00 0.000000000000000000e+00 0.000000000000000000e+00
9.942622780799865723e-01 1.047188043594360352e-02 -6.410691887140274048e-02 -8.498924225568771362e-02
8.330073356628417969e-01 2.171093076467514038e-01 1.381601691246032715e-01 -4.897694885730743408e-01
7.356404662132263184e-01 2.158001279894961044e-07 -6.773722171783447266e-01 2.092265987130303984e-07
9.860529303550720215e-01 6.683328002691268921e-02 -8.289734274148941040e-02 1.279100179672241211e-01
9.843205213546752930e-01 -6.577133387327194214e-02 -6.258688122034072876e-02 1.512287706136703491e-01
9.423063993453979492e-01 2.364653348922729492e-01 2.280932813882827759e-01 -6.415953487157821655e-02
9.780084490776062012e-01 1.007012352347373962e-01 8.814081549644470215e-02 -1.599685251712799072e-01
1.000000000000000000e+00 0.000000000000000000e+00 0.000000000000000000e+00 0.000000000000000000e+00
9.298453330993652344e-01 -1.709147728979587555e-02 3.103209473192691803e-02 -3.662412166595458984e-01
9.560657739639282227e-01 3.068478093837256893e-08 2.975333854556083679e-02 -2.916387617588043213e-01
9.895095825195312500e-01 4.435386813383956905e-08 1.466263365000486374e-02 -1.437212675809860229e-01
1.000000000000000000e+00 0.000000000000000000e+00 0.000000000000000000e+00 0.000000000000000000e+00
9.087362885475158691e-01 -2.942682476714253426e-03 7.198160886764526367e-02 -4.111061990261077881e-01
9.639025330543518066e-01 4.734379643878128263e-08 2.702338248491287231e-02 -2.648804485797882080e-01
9.903320074081420898e-01 2.703691714955880343e-09 1.407897192984819412e-02 -1.380010694265365601e-01
1.000000000000000000e+00 0.000000000000000000e+00 0.000000000000000000e+00 0.000000000000000000e+00
9.093254208564758301e-01 5.452846176922321320e-03 9.004333615303039551e-02 -4.061893522739410400e-01
9.320645928382873535e-01 -7.344148400534322718e-08 3.677052631974220276e-02 -3.604212701320648193e-01
9.740493893623352051e-01 2.199110582523644553e-08 2.297181822359561920e-02 -2.251672893762588501e-01
1.000000000000000000e+00 0.000000000000000000e+00 0.000000000000000000e+00 0.000000000000000000e+00
9.390678405761718750e-01 1.873710006475448608e-02 1.235786974430084229e-01 -3.202015757560729980e-01
9.491852521896362305e-01 2.305776014566163212e-08 3.194202110171318054e-02 -3.130930662155151367e-01
9.109042286872863770e-01 -3.067246456822658729e-09 4.187817499041557312e-02 -4.104871451854705811e-01
1.000000000000000000e+00 0.000000000000000000e+00 0.000000000000000000e+00 0.000000000000000000e+00
9.864377379417419434e-01 1.346915494650602341e-02 7.701627165079116821e-02 1.443180739879608154e-01
8.720086216926574707e-01 3.942414000630378723e-02 -6.796953082084655762e-02 4.831429421901702881e-01
8.198226094245910645e-01 -4.689062471641136653e-09 5.726175904273986816e-01 -1.270981897505407687e-07
9.947268962860107422e-01 7.081966102123260498e-02 -1.413083286024630070e-03 -7.416911423206329346e-02
8.616839051246643066e-01 -1.715993322432041168e-02 -4.553214833140373230e-02 5.051071643829345703e-01
8.734515309333801270e-01 -3.198767473122643423e-08 -3.930832073092460632e-02 4.853220582008361816e-01
9.425590634346008301e-01 1.136290617154145366e-08 -2.696700207889080048e-02 3.329493403434753418e-01
1.000000000000000000e+00 0.000000000000000000e+00 0.000000000000000000e+00 0.000000000000000000e+00
8.389124274253845215e-01 -3.861374035477638245e-02 -1.717718690633773804e-02 5.426233410835266113e-01
8.426192402839660645e-01 3.978975371410342632e-08 -4.347377642989158630e-02 5.367521047592163086e-01
9.759208559989929199e-01 -1.992104081693923945e-08 -1.760929077863693237e-02 2.174129188060760498e-01
1.000000000000000000e+00 0.000000000000000000e+00 0.000000000000000000e+00 0.000000000000000000e+00
8.567659258842468262e-01 -5.448847636580467224e-02 1.643772982060909271e-02 5.125553607940673828e-01
8.899893760681152344e-01 5.441500050551439926e-08 -3.681130334734916687e-02 4.544928967952728271e-01
9.771350622177124023e-01 7.423699116770876572e-06 -1.716475188732147217e-02 2.119260728359222412e-01
1.000000000000000000e+00 0.000000000000000000e+00 0.000000000000000000e+00 0.000000000000000000e+00
9.199791550636291504e-01 -4.491603747010231018e-02 4.080365225672721863e-02 3.872414827346801758e-01
8.237700462341308594e-01 1.605397130788333016e-07 -4.576782882213592529e-02 5.650736689567565918e-01
9.887094497680664062e-01 6.793870710453120410e-08 -1.209699735045433044e-02 1.493562757968902588e-01
1.000000000000000000e+00 0.000000000000000000e+00 0.000000000000000000e+00 0.000000000000000000e+00
9.951387643814086914e-01 -1.442072540521621704e-02 6.862259656190872192e-02 -6.915220618247985840e-02
9.314139485359191895e-01 2.068185657262802124e-01 -2.994066476821899414e-01 7.060501258820295334e-03
9.495722651481628418e-01 -1.141224405728280544e-03 1.067263633012771606e-01 -2.948234975337982178e-01
1.000000000000000000e+00 0.000000000000000000e+00 0.000000000000000000e+00 0.000000000000000000e+00
8.941150307655334473e-01 -4.466220736503601074e-01 2.391741424798965454e-02 2.269325777888298035e-02
8.263502717018127441e-01 5.590502619743347168e-01 5.856417864561080933e-02 -3.432583436369895935e-02
9.846165776252746582e-01 -1.744084805250167847e-01 -5.714816041290760040e-03 -8.901787921786308289e-03
9.999975562095642090e-01 -2.218586858361959457e-03 -1.920022896229056641e-08 -1.204572530610903414e-08
1.000000000000000000e+00 0.000000000000000000e+00 0.000000000000000000e+00 0.000000000000000000e+00
9.153327941894531250e-01 -3.968530893325805664e-01 -5.591392517089843750e-02 -3.933401405811309814e-02
7.567293047904968262e-01 6.536612510681152344e-01 9.366864338517189026e-03 1.281180448131635785e-04
9.820168614387512207e-01 -1.431333422660827637e-01 -1.146017238497734070e-01 4.496920481324195862e-02
9.703035354614257812e-01 -2.418909221887588501e-01 2.248589314746141099e-09 1.189654241784410260e-08
1.000000000000000000e+00 0.000000000000000000e+00 0.000000000000000000e+00 0.000000000000000000e+00
#New slice
9.964553117752075195e-01 6.714744120836257935e-02 -4.251273721456527710e-02 2.758187800645828247e-02
9.844519495964050293e-01 1.737634092569351196e-01 9.129022248089313507e-03 -2.402665279805660248e-02
9.998019337654113770e-01 -1.918476819992065430e-02 5.132991820573806763e-03 1.315919216722249985e-03
9.998019337654113770e-01 -1.920967549085617065e-02 5.135960876941680908e-03 8.553931838832795620e-04
9.870427846908569336e-01 1.603988111019134521e-01 9.170242119580507278e-04 -4.242107737809419632e-03
9.963268637657165527e-01 6.016934663057327271e-02 5.181782320141792297e-02 -3.205271437764167786e-02
1.000000000000000000e+00 0.000000000000000000e+00 0.000000000000000000e+00 0.000000000000000000e+00
1.000000000000000000e+00 0.000000000000000000e+00 0.000000000000000000e+00 0.000000000000000000e+00
1.000000000000000000e+00 0.000000000000000000e+00 0.000000000000000000e+00 0.000000000000000000e+00
9.943011999130249023e-01 1.042676158249378204e-02 -6.489735096693038940e-02 -8.393334597349166870e-02
8.193527460098266602e-01 2.278699427843093872e-01 1.352244317531585693e-01 -5.083804726600646973e-01
7.312207818031311035e-01 -1.456503326835445478e-07 -6.821409463882446289e-01 1.977521613127919409e-08
9.848310947418212891e-01 7.079479098320007324e-02 -8.296343684196472168e-02 1.349558085203170776e-01
9.843205213546752930e-01 -6.577133387327194214e-02 -6.258688122034072876e-02 1.512287706136703491e-01
9.369741678237915039e-01 2.465573102235794067e-01 2.302869856357574463e-01 -9.086739271879196167e-02
9.958139061927795410e-01 5.032644420862197876e-02 2.313974499702453613e-02 -7.270824164152145386e-02
1.000000000000000000e+00 0.000000000000000000e+00 0.000000000000000000e+00 0.000000000000000000e+00
9.515081644058227539e-01 -1.518322620540857315e-02 2.162150666117668152e-02 -3.064869642257690430e-01
9.532931447029113770e-01 3.565878259337296186e-08 3.065594471991062164e-02 -3.004869520664215088e-01
9.851182699203491211e-01 -6.570473232159201871e-08 1.744452305138111115e-02 -1.709908545017242432e-01
1.000000000000000000e+00 0.000000000000000000e+00 0.000000000000000000e+00 0.000000000000000000e+00
9.339426159858703613e-01 -4.598162136971950531e-03 6.103434413671493530e-02 -3.521433472633361816e-01
9.597394466400146484e-01 7.374972454954331624e-08 2.850887738168239594e-02 -2.794414162635803223e-01
9.927372336387634277e-01 1.061266452495601698e-08 1.221000589430332184e-02 -1.196817979216575623e-01
1.000000000000000000e+00 0.000000000000000000e+00 0.000000000000000000e+00 0.000000000000000000e+00
9.317711591720581055e-01 2.933778101578354836e-03 8.090928941965103149e-02 -3.539034724235534668e-01
9.256039857864379883e-01 8.552515140536343097e-09 3.841488808393478394e-02 -3.765389323234558105e-01
9.797761440277099609e-01 2.281311139995523263e-08 2.030858024954795837e-02 -1.990635246038436890e-01
1.000000000000000000e+00 0.000000000000000000e+00 0.000000000000000000e+00 0.000000000000000000e+00
9.588124752044677734e-01 1.301875710487365723e-02 1.107134148478507996e-01 -2.612502276897430420e-01
9.378785490989685059e-01 4.667145958592300303e-08 3.521475568413734436e-02 -3.451721370220184326e-01
8.792882561683654785e-01 4.660382302290599910e-08 4.834064468741416931e-02 -4.738305509090423584e-01
1.000000000000000000e+00 0.000000000000000000e+00 0.000000000000000000e+00 0.000000000000000000e+00
9.861709475517272949e-01 1.360076200217008591e-02 7.814902067184448242e-02 1.455149203538894653e-01
8.843171596527099609e-01 5.190220847725868225e-02 -7.418794929981231689e-02 4.580234587192535400e-01
7.941149473190307617e-01 -1.665002002937399084e-08 6.077675819396972656e-01 2.308148516760866187e-08
9.964885711669921875e-01 3.314416855573654175e-02 6.927234586328268051e-03 -7.657810300588607788e-02
8.750199675559997559e-01 -1.493416540324687958e-02 -4.624938592314720154e-02 4.816409647464752197e-01
8.707074522972106934e-01 6.310734335102097248e-08 -3.970311209559440613e-02 4.901961386203765869e-01
9.550023674964904785e-01 -1.877268651639951713e-08 -2.394445054233074188e-02 2.956300973892211914e-01
1.000000000000000000e+00 0.000000000000000000e+00 0.000000000000000000e+00 0.000000000000000000e+00
8.432523012161254883e-01 -3.688497841358184814e-02 -1.846636645495891571e-02 5.359328985214233398e-01
8.317473530769348145e-01 1.903520896462396195e-08 -4.481746628880500793e-02 5.533423423767089844e-01
9.759190678596496582e-01 -3.817212501644462463e-08 -1.760979741811752319e-02 2.174209803342819214e-01
1.000000000000000000e+00 0.000000000000000000e+00 0.000000000000000000e+00 0.000000000000000000e+00
8.638941049575805664e-01 -5.181155353784561157e-02 1.543233916163444519e-02 5.007640123367309570e-01
8.760143518447875977e-01 -3.295722450502580614e-08 -3.893481194972991943e-02 4.807109236717224121e-01
9.763313531875610352e-01 7.702743459958583117e-06 -1.746024191379547119e-02 2.155743092298507690e-01
1.000000000000000000e+00 0.000000000000000000e+00 0.000000000000000000e+00 0.000000000000000000e+00
9.228658676147460938e-01 -4.330759122967720032e-02 3.951928392052650452e-02 3.806327879428863525e-01
8.059289455413818359e-01 1.872054014029345126e-07 -4.779300838708877563e-02 5.900799632072448730e-01
9.878725409507751465e-01 -6.834979160430521006e-08 -1.253463141620159149e-02 1.547601521015167236e-01
1.000000000000000000e+00 0.000000000000000000e+00 0.000000000000000000e+00 0.000000000000000000e+00
9.968441128730773926e-01 3.114798571914434433e-03 6.525884568691253662e-02 -4.509530588984489441e-02
9.457034468650817871e-01 1.812753975391387939e-01 -2.696934938430786133e-01 -7.062406744807958603e-03
9.558412432670593262e-01 -2.899164566770195961e-03 1.015327647328376770e-01 -2.757719159126281738e-01
1.000000000000000000e+00 0.000000000000000000e+00 0.000000000000000000e+00 0.000000000000000000e+00
8.811262845993041992e-01 -4.709876179695129395e-01 2.969660237431526184e-02 3.008679486811161041e-02
7.870954275131225586e-01 6.149531602859497070e-01 2.703489921987056732e-02 -3.978401422500610352e-02
9.718338847160339355e-01 -2.350773960351943970e-01 -1.571697369217872620e-02 5.526856053620576859e-03
9.999126791954040527e-01 -1.321415137499570847e-02 -6.426191245800794150e-10 -1.214924871817402163e-08
1.000000000000000000e+00 0.000000000000000000e+00 0.000000000000000000e+00 0.000000000000000000e+00
8.810611963272094727e-01 -4.641153216361999512e-01 -7.406072318553924561e-02 -5.332136526703834534e-02
7.014165520668029785e-01 7.122656702995300293e-01 1.489659398794174194e-02 2.169364877045154572e-02
9.830304384231567383e-01 4.274714738130569458e-02 -1.465055942535400391e-01 1.017848774790763855e-01
9.370207786560058594e-01 -3.489692509174346924e-01 4.423344042152166367e-03 1.389302406460046768e-02
1.000000000000000000e+00 0.000000000000000000e+00 0.000000000000000000e+00 0.000000000000000000e+00
#New slice
9.949596524238586426e-01 8.179015666246414185e-02 -5.780958011746406555e-02 4.871032666414976120e-03
9.874469637870788574e-01 1.576938033103942871e-01 8.990617468953132629e-03 5.432678735814988613e-04
9.998211264610290527e-01 -1.851751096546649933e-02 3.477504011243581772e-03 1.666159834712743759e-03
9.998211264610290527e-01 -1.851248554885387421e-02 3.620403120294213295e-03 1.364440191537141800e-03
9.867963194847106934e-01 1.618078351020812988e-01 2.541931811720132828e-03 -6.710161454975605011e-03
9.955146908760070801e-01 5.085770040750503540e-02 6.864527612924575806e-02 -4.064260423183441162e-02
1.000000000000000000e+00 0.000000000000000000e+00 0.000000000000000000e+00 0.000000000000000000e+00
1.000000000000000000e+00 0.000000000000000000e+00 0.000000000000000000e+00 0.000000000000000000e+00
1.000000000000000000e+00 0.000000000000000000e+00 0.000000000000000000e+00 0.000000000000000000e+00
9.944030642509460449e-01 1.053829677402973175e-02 -6.643538922071456909e-02 -8.147333562374114990e-02
8.033455610275268555e-01 2.392226606607437134e-01 1.443718075752258301e-01 -5.258947014808654785e-01
7.192409634590148926e-01 1.246922352038382087e-07 -6.947607994079589844e-01 1.749336888678953983e-07
9.824262261390686035e-01 7.185792922973632812e-02 -8.352340757846832275e-02 1.506619751453399658e-01
9.843205213546752930e-01 -6.577133387327194214e-02 -6.258688122034072876e-02 1.512287706136703491e-01
9.280948042869567871e-01 2.578482329845428467e-01 2.430003881454467773e-01 -1.144784316420555115e-01
9.993384480476379395e-01 1.992360129952430725e-02 -3.345760342199355364e-05 -3.042515553534030914e-02
1.000000000000000000e+00 0.000000000000000000e+00 0.000000000000000000e+00 0.000000000000000000e+00
9.578970670700073242e-01 -1.271487865597009659e-02 2.419876866042613983e-02 -2.858079969882965088e-01
9.479136466979980469e-01 -3.094866229957915493e-08 3.232862055301666260e-02 -3.168825805187225342e-01
9.821544885635375977e-01 9.399473555049553397e-08 1.908864453434944153e-02 -1.871050000190734863e-01
1.000000000000000000e+00 0.000000000000000000e+00 0.000000000000000000e+00 0.000000000000000000e+00
9.405686855316162109e-01 -3.702116664499044418e-03 6.111765652894973755e-02 -3.340381979942321777e-01
9.555711150169372559e-01 -1.949248540356052217e-09 2.991654351353645325e-02 -2.932388782501220703e-01
9.943114519119262695e-01 -4.039306489289629098e-08 1.081017125397920609e-02 -1.059620082378387451e-01
1.000000000000000000e+00 0.000000000000000000e+00 0.000000000000000000e+00 0.000000000000000000e+00
9.433727860450744629e-01 3.279545577242970467e-03 7.977661490440368652e-02 -3.219825625419616699e-01
9.194792509078979492e-01 9.267856171391031239e-08 3.990125283598899841e-02 -3.911084532737731934e-01
9.831843972206115723e-01 5.245404466336367477e-08 1.853448338806629181e-02 -1.816730350255966187e-01
1.000000000000000000e+00 0.000000000000000000e+00 0.000000000000000000e+00 0.000000000000000000e+00
9.663801789283752441e-01 1.223019417375326157e-02 1.105800345540046692e-01 -2.318012714385986328e-01
9.272093772888183594e-01 -7.683936331659424468e-08 3.801385313272476196e-02 -3.726092875003814697e-01
8.527165055274963379e-01 1.419838113747573516e-08 5.301790311932563782e-02 -5.196765661239624023e-01
1.000000000000000000e+00 0.000000000000000000e+00 0.000000000000000000e+00 0.000000000000000000e+00
9.853104948997497559e-01 1.436673477292060852e-02 8.696941286325454712e-02 1.462647169828414917e-01
8.956617116928100586e-01 6.490512937307357788e-02 -8.005877584218978882e-02 4.326294362545013428e-01
7.708113193511962891e-01 6.148200526467917371e-08 6.370636820793151855e-01 -1.962345805850418401e-07
9.956892132759094238e-01 3.307325392961502075e-02 2.326988801360130310e-02 -8.347229659557342529e-02
8.799985647201538086e-01 -1.386425364762544632e-02 -4.698759689927101135e-02 4.724431037902832031e-01
8.628345131874084473e-01 1.727001119888882386e-08 -4.080789908766746521e-02 5.038366317749023438e-01
9.560041427612304688e-01 3.044320706635517126e-08 -2.368227206170558929e-02 2.923957407474517822e-01
1.000000000000000000e+00 0.000000000000000000e+00 0.000000000000000000e+00 0.000000000000000000e+00
8.367624282836914062e-01 -3.318306058645248413e-02 -2.627599425613880157e-02 5.459277629852294922e-01
8.204876184463500977e-01 5.788929868799641554e-08 -4.615047574043273926e-02 5.697984099388122559e-01
9.752928614616394043e-01 6.469556268484666361e-08 -1.783453114330768585e-02 2.201952934265136719e-01
1.000000000000000000e+00 0.000000000000000000e+00 0.000000000000000000e+00 0.000000000000000000e+00
8.668209314346313477e-01 -5.021306127309799194e-02 1.409593131393194199e-02 4.958844780921936035e-01
8.654628396034240723e-01 8.824001440643769456e-08 -4.044348001480102539e-02 4.993380010128021240e-01
9.758774042129516602e-01 7.705611096753273159e-06 -1.762493699789047241e-02 2.176067084074020386e-01
1.000000000000000000e+00 0.000000000000000000e+00 0.000000000000000000e+00 0.000000000000000000e+00
9.235123395919799805e-01 -4.287296533584594727e-02 3.903042897582054138e-02 3.791616559028625488e-01
7.916185259819030762e-01 -9.176536508448407403e-08 -4.932712018489837646e-02 6.090213060379028320e-01
9.872514009475708008e-01 2.440915380930164247e-08 -1.284970808774232864e-02 1.586494296789169312e-01
1.000000000000000000e+00 0.000000000000000000e+00 0.000000000000000000e+00 0.000000000000000000e+00
9.975083470344543457e-01 1.551720406860113144e-02 6.284407526254653931e-02 -2.805363200604915619e-02
9.531180858612060547e-01 1.641763895750045776e-01 -2.537060379981994629e-01 -1.566336862742900848e-02
9.590635299682617188e-01 -3.765594447031617165e-03 9.914246201515197754e-02 -2.652427852153778076e-01
1.000000000000000000e+00 0.000000000000000000e+00 0.000000000000000000e+00 0.000000000000000000e+00
8.742679953575134277e-01 -4.838234186172485352e-01 2.795828692615032196e-02 2.808804251253604889e-02
7.399365901947021484e-01 6.723142266273498535e-01 -1.067354530096054077e-02 -1.932911761105060577e-02
9.508805871009826660e-01 -3.084698915481567383e-01 -2.439966611564159393e-02 8.782562799751758575e-03
9.999876022338867188e-01 -4.984051454812288284e-03 1.819089057164546830e-08 -1.587087405940934559e-10
1.000000000000000000e+00 0.000000000000000000e+00 0.000000000000000000e+00 0.000000000000000000e+00
8.321855068206787109e-01 -5.454381704330444336e-01 -9.144669771194458008e-02 -4.002511501312255859e-02
6.832447648048400879e-01 7.293633818626403809e-01 -3.265036642551422119e-02 -1.181763876229524612e-02
9.767261147499084473e-01 1.397607624530792236e-01 -1.452818065881729126e-01 7.325450330972671509e-02
9.116315245628356934e-01 -4.066703319549560547e-01 5.071855615824460983e-03 5.934209749102592468e-02
1.000000000000000000e+00 0.000000000000000000e+00 0.000000000000000000e+00 0.000000000000000000e+00
#New slice
9.941387176513671875e-01 7.531471550464630127e-02 -7.640825957059860229e-02 -1.333156600594520569e-02
9.854871034622192383e-01 1.689129322767257690e-01 9.545469656586647034e-03 1.387271936982870102e-02
9.996734857559204102e-01 -2.523851767182350159e-02 2.214313717558979988e-03 3.320543328300118446e-03
9.996735453605651855e-01 -2.523428387939929962e-02 2.548677381128072739e-03 3.089376725256443024e-03
9.869931340217590332e-01 1.605250388383865356e-01 4.008145071566104889e-03 -7.771450094878673553e-03
9.938992261886596680e-01 5.335722491145133972e-02 8.468908816576004028e-02 -4.631585627794265747e-02
1.000000000000000000e+00 0.000000000000000000e+00 0.000000000000000000e+00 0.000000000000000000e+00
1.000000000000000000e+00 0.000000000000000000e+00 0.000000000000000000e+00 0.000000000000000000e+00
1.000000000000000000e+00 0.000000000000000000e+00 0.000000000000000000e+00 0.000000000000000000e+00
9.944550395011901855e-01 1.080460753291845322e-02 -7.046591490507125854e-02 -7.731148600578308105e-02
7.916012406349182129e-01 2.449407726526260376e-01 1.595719158649444580e-01 -5.365710854530334473e-01
7.045851349830627441e-01 -1.283554865949554369e-06 -7.096194624900817871e-01 -1.449459318791923579e-06
9.813344478607177734e-01 6.783003360033035278e-02 -8.128220587968826294e-02 1.605458557605743408e-01
9.843205213546752930e-01 -6.577133387327194214e-02 -6.258688122034072876e-02 1.512287706136703491e-01
9.206493496894836426e-01 2.649873495101928711e-01 2.572370469570159912e-01 -1.265525221824645996e-01
9.993749856948852539e-01 2.208756282925605774e-02 2.332275835215114057e-05 -2.760085463523864746e-02
1.000000000000000000e+00 0.000000000000000000e+00 0.000000000000000000e+00 0.000000000000000000e+00
9.585850238800048828e-01 -9.265743196010589600e-03 3.516732156276702881e-02 -2.824753224849700928e-01
9.450678229331970215e-01 6.454737189187653712e-08 3.317580372095108032e-02 -3.251866698265075684e-01
9.805133938789367676e-01 7.836110427206222084e-09 1.993870735168457031e-02 -1.954377740621566772e-01
1.000000000000000000e+00 0.000000000000000000e+00 0.000000000000000000e+00 0.000000000000000000e+00
9.409417510032653809e-01 2.526346652302891016e-04 7.185786217451095581e-02 -3.308549523353576660e-01
9.539197683334350586e-01 6.346022729530886863e-08 3.045441210269927979e-02 -2.985123395919799805e-01
9.948025941848754883e-01 1.123426240923208752e-08 1.033446751534938812e-02 -1.012974008917808533e-01
1.000000000000000000e+00 0.000000000000000000e+00 0.000000000000000000e+00 0.000000000000000000e+00
9.518963694572448730e-01 5.931524559855461121e-03 8.646656572818756104e-02 -2.939079403877258301e-01
9.184080362319946289e-01 3.143591698062664364e-08 4.015464708209037781e-02 -3.935915529727935791e-01
9.835299849510192871e-01 5.077849607459938852e-08 1.834458112716674805e-02 -1.798116564750671387e-01
1.000000000000000000e+00 0.000000000000000000e+00 0.000000000000000000e+00 0.000000000000000000e+00
9.674358963966369629e-01 1.432552468031644821e-02 1.201909631490707397e-01 -2.222986817359924316e-01
9.226024150848388672e-01 3.835916473349243461e-08 3.915160521864891052e-02 -3.837602734565734863e-01
8.441266417503356934e-01 -1.654945869233870326e-08 5.441541224718093872e-02 -5.333752632141113281e-01
1.000000000000000000e+00 0.000000000000000000e+00 0.000000000000000000e+00 0.000000000000000000e+00
9.851176142692565918e-01 1.461238693445920944e-02 9.011190384626388550e-02 1.456353366374969482e-01
9.037619233131408691e-01 7.879011332988739014e-02 -7.990087568759918213e-02 4.130645394325256348e-01
7.562121152877807617e-01 1.420815607389158686e-07 6.543266177177429199e-01 -7.663609835617535282e-08
9.935358762741088867e-01 4.333790391683578491e-02 3.926745057106018066e-02 -9.729502350091934204e-02
8.833519220352172852e-01 -1.088342722505331039e-02 -5.174793675541877747e-02 4.657179117202758789e-01
8.625176548957824707e-01 -7.342450913938591839e-08 -4.085141420364379883e-02 5.043753385543823242e-01
9.583590626716613770e-01 -1.530567317331588129e-08 -2.305365540087223053e-02 2.846337854862213135e-01
1.000000000000000000e+00 0.000000000000000000e+00 0.000000000000000000e+00 0.000000000000000000e+00
8.417935967445373535e-01 -3.245334327220916748e-02 -2.593206427991390228e-02 5.381987094879150391e-01
8.179615139961242676e-01 1.093046080313797574e-07 -4.644172266125679016e-02 5.733952522277832031e-01
9.751604795455932617e-01 3.103897583400794247e-09 -1.788160204887390137e-02 2.207764983177185059e-01
1.000000000000000000e+00 0.000000000000000000e+00 0.000000000000000000e+00 0.000000000000000000e+00
8.654865622520446777e-01 -4.848627746105194092e-02 1.027992088347673416e-02 4.984742999076843262e-01
8.613423705101013184e-01 -3.243736657054796524e-08 -4.101267829537391663e-02 5.063667297363281250e-01
9.760203957557678223e-01 7.627312243130290881e-06 -1.757324673235416412e-02 2.169691026210784912e-01
1.000000000000000000e+00 0.000000000000000000e+00 0.000000000000000000e+00 0.000000000000000000e+00
9.202135801315307617e-01 -4.336046427488327026e-02 3.701321408152580261e-02 3.872429728507995605e-01
7.824609279632568359e-01 -2.380496022524880573e-09 -5.027041956782341003e-02 6.206672787666320801e-01
9.869552850723266602e-01 5.343316189510005643e-08 -1.299715880304574966e-02 1.604693531990051270e-01
1.000000000000000000e+00 0.000000000000000000e+00 0.000000000000000000e+00 0.000000000000000000e+00
9.976428747177124023e-01 2.022004127502441406e-02 6.192049756646156311e-02 -2.158594317734241486e-02
9.532248377799987793e-01 1.606322675943374634e-01 -2.554865777492523193e-01 -1.692039519548416138e-02
9.652231335639953613e-01 -5.852624773979187012e-03 8.721342682838439941e-02 -2.463817149400711060e-01
1.000000000000000000e+00 0.000000000000000000e+00 0.000000000000000000e+00 0.000000000000000000e+00
8.764383792877197266e-01 -4.792317450046539307e-01 2.975003607571125031e-02 3.616145625710487366e-02
6.880896687507629395e-01 7.252941727638244629e-01 -2.053729072213172913e-02 -7.699471432715654373e-03
9.260805249214172363e-01 -3.764453828334808350e-01 -2.296600863337516785e-02 1.167429052293300629e-02
1.000000000000000000e+00 -4.678034883909276687e-07 7.352054964826493233e-09 4.281407228745592874e-08
1.000000000000000000e+00 0.000000000000000000e+00 0.000000000000000000e+00 0.000000000000000000e+00
8.108799457550048828e-01 -5.773136019706726074e-01 -9.480122476816177368e-02 -1.398816891014575958e-02
6.564865708351135254e-01 7.410975098609924316e-01 -1.045378819108009338e-01 -9.418975561857223511e-02
9.912654757499694824e-01 -5.476620793342590332e-02 -8.668700605630874634e-02 8.293845504522323608e-02
9.764971733093261719e-01 -2.137130796909332275e-01 -3.874006913974881172e-03 2.766179293394088745e-02
1.000000000000000000e+00 0.000000000000000000e+00 0.000000000000000000e+00 0.000000000000000000e+00
#New slice
9.942002892494201660e-01 5.237966403365135193e-02 -9.128554910421371460e-02 -2.212101034820079803e-02
9.801231622695922852e-01 1.980364024639129639e-01 1.098792999982833862e-02 4.413822200149297714e-03
9.994801282882690430e-01 -3.092305921018123627e-02 2.618807600811123848e-03 8.739815093576908112e-03
9.994801282882690430e-01 -3.094289824366569519e-02 3.242165083065629005e-03 8.455548435449600220e-03
9.878066182136535645e-01 1.555017679929733276e-01 4.593269899487495422e-03 -6.021294742822647095e-03
9.923342466354370117e-01 6.282200664281845093e-02 9.438461810350418091e-02 -4.917049780488014221e-02
1.000000000000000000e+00 0.000000000000000000e+00 0.000000000000000000e+00 0.000000000000000000e+00
1.000000000000000000e+00 0.000000000000000000e+00 0.000000000000000000e+00 0.000000000000000000e+00
1.000000000000000000e+00 0.000000000000000000e+00 0.000000000000000000e+00 0.000000000000000000e+00
9.944363236427307129e-01 1.117002591490745544e-02 -7.520998269319534302e-02 -7.290528714656829834e-02
7.913038134574890137e-01 2.482462972402572632e-01 1.697957664728164673e-01 -5.323358774185180664e-01
6.880772113800048828e-01 -7.759706477372674271e-07 -7.256375551223754883e-01 -6.383644972629554104e-07
9.809815883636474609e-01 6.358941644430160522e-02 -7.786870747804641724e-02 1.660366356372833252e-01
9.843205213546752930e-01 -6.577133387327194214e-02 -6.258688122034072876e-02 1.512287706136703491e-01
9.185945987701416016e-01 2.652392685413360596e-01 2.667200267314910889e-01 -1.212127357721328735e-01
9.947634339332580566e-01 5.684032663702964783e-02 3.390537202358245850e-02 -7.788053154945373535e-02
1.000000000000000000e+00 0.000000000000000000e+00 0.000000000000000000e+00 0.000000000000000000e+00
9.534530639648437500e-01 -6.677185185253620148e-03 4.676375538110733032e-02 -2.978185415267944336e-01
9.444131851196289062e-01 -1.281980921419290098e-08 3.336731344461441040e-02 -3.270635902881622314e-01
9.822242259979248047e-01 5.013486870097949577e-08 1.905165612697601318e-02 -1.867421120405197144e-01
1.000000000000000000e+00 0.000000000000000000e+00 0.000000000000000000e+00 0.000000000000000000e+00
9.349198937416076660e-01 3.800427541136741638e-03 8.262308686971664429e-02 -3.450853228569030762e-01
9.548416733741760254e-01 1.043644388687425817e-07 3.015545941889286041e-02 -2.955808937549591064e-01
9.942151308059692383e-01 -7.728119477690142958e-09 1.090127509087324142e-02 -1.068534404039382935e-01
1.000000000000000000e+00 0.000000000000000000e+00 0.000000000000000000e+00 0.000000000000000000e+00
9.490823745727539062e-01 9.550070390105247498e-03 9.775777161121368408e-02 -2.993240952491760254e-01
9.179767966270446777e-01 -8.826482655877043726e-08 4.025600105524063110e-02 -3.945859670639038086e-01
9.821444153785705566e-01 5.345783193888564711e-08 1.909397915005683899e-02 -1.871571987867355347e-01
1.000000000000000000e+00 0.000000000000000000e+00 0.000000000000000000e+00 0.000000000000000000e+00
9.602041244506835938e-01 1.837939396500587463e-02 1.317515224218368530e-01 -2.455845475196838379e-01
9.236766099929809570e-01 -4.386008001233676623e-08 3.888972476124763489e-02 -3.811942934989929199e-01
8.541341423988342285e-01 6.433185006926578353e-08 5.278236791491508484e-02 -5.173672437667846680e-01
1.000000000000000000e+00 0.000000000000000000e+00 0.000000000000000000e+00 0.000000000000000000e+00
9.870612025260925293e-01 1.353869959712028503e-02 7.999908179044723511e-02 1.383007466793060303e-01
9.029824733734130859e-01 8.332788944244384766e-02 -7.511259615421295166e-02 4.147739410400390625e-01
7.447572946548461914e-01 -2.313964309053062607e-08 6.673354506492614746e-01 -2.100767630963673582e-07
9.940387606620788574e-01 2.802285552024841309e-02 4.236430302262306213e-02 -9.647226333618164062e-02
8.837160468101501465e-01 -1.045555621385574341e-02 -5.247001722455024719e-02 4.649556577205657959e-01
8.673724532127380371e-01 -2.576948610055751487e-08 -4.017602279782295227e-02 4.960352480411529541e-01
9.598383903503417969e-01 6.234120064618764445e-08 -2.264900319278240204e-02 2.796377837657928467e-01
1.000000000000000000e+00 0.000000000000000000e+00 0.000000000000000000e+00 0.000000000000000000e+00
8.420528769493103027e-01 -3.073477372527122498e-02 -2.855786681175231934e-02 5.377609133720397949e-01
8.241545557975769043e-01 1.559446758392368793e-07 -4.572261124849319458e-02 5.645163059234619141e-01
9.756402373313903809e-01 6.562708598778499436e-09 -1.771012507379055023e-02 2.186606824398040771e-01
1.000000000000000000e+00 0.000000000000000000e+00 0.000000000000000000e+00 0.000000000000000000e+00
8.663476109504699707e-01 -4.805524274706840515e-02 9.940553456544876099e-03 4.970250427722930908e-01
8.661970496177673340e-01 -1.225711514507565880e-07 -4.034103080630302429e-02 4.980715513229370117e-01
9.764934778213500977e-01 7.701583854213822633e-06 -1.740110851824283600e-02 2.148434668779373169e-01
1.000000000000000000e+00 0.000000000000000000e+00 0.000000000000000000e+00 0.000000000000000000e+00
9.231408238410949707e-01 -4.253811761736869812e-02 3.776567429304122925e-02 3.802306354045867920e-01
7.874588370323181152e-01 5.913468115181785834e-08 -4.975920543074607849e-02 6.143554449081420898e-01
9.871825575828552246e-01 4.787829865904313920e-08 -1.288404501974582672e-02 1.590743064880371094e-01
1.000000000000000000e+00 0.000000000000000000e+00 0.000000000000000000e+00 0.000000000000000000e+00
9.975082874298095703e-01 1.551711745560169220e-02 6.284417212009429932e-02 -2.805360779166221619e-02
9.514746069908142090e-01 1.661461740732192993e-01 -2.586209177970886230e-01 -1.437668036669492722e-02
9.699742197990417480e-01 -7.013451308012008667e-03 7.462073117494583130e-02 -2.313710749149322510e-01
1.000000000000000000e+00 0.000000000000000000e+00 0.000000000000000000e+00 0.000000000000000000e+00
8.870127201080322266e-01 -4.580014050006866455e-01 3.510332480072975159e-02 4.702263325452804565e-02
6.332161426544189453e-01 7.738762497901916504e-01 -1.227461453527212143e-02 1.481084269471466541e-03
8.956662416458129883e-01 -4.437640607357025146e-01 -2.810445427894592285e-02 8.112058974802494049e-03
1.000000000000000000e+00 -4.809981533071550075e-07 -1.470411792325876377e-08 -1.870078669696795259e-08
1.000000000000000000e+00 0.000000000000000000e+00 0.000000000000000000e+00 0.000000000000000000e+00
8.189856410026550293e-01 -5.659905076026916504e-01 -9.374742209911346436e-02 1.134397834539413452e-02
6.471447944641113281e-01 7.431872487068176270e-01 -1.237577870488166809e-01 -1.164491251111030579e-01
9.551427364349365234e-01 -2.900001704692840576e-01 -1.073736976832151413e-02 5.905100703239440918e-02
9.987318515777587891e-01 -5.034596472978591919e-02 1.060117185147646524e-07 2.046451896831058548e-08
1.000000000000000000e+00 0.000000000000000000e+00 0.000000000000000000e+00 0.000000000000000000e+00
#New slice
9.940518140792846680e-01 3.644993528723716736e-02 -1.020921468734741211e-01 -1.047070045024156570e-02
9.781941771507263184e-01 2.056817263364791870e-01 9.431603364646434784e-03 -2.724426239728927612e-02
9.994976520538330078e-01 -2.843769453465938568e-02 3.836481366306543350e-03 1.345427054911851883e-02
9.994977712631225586e-01 -2.850893326103687286e-02 4.445618484169244766e-03 1.310326065868139267e-02
9.878472089767456055e-01 1.552530229091644287e-01 5.462734494358301163e-03 -4.964296706020832062e-03
9.919528961181640625e-01 6.106447800993919373e-02 1.024834737181663513e-01 -4.239988327026367188e-02
1.000000000000000000e+00 0.000000000000000000e+00 0.000000000000000000e+00 0.000000000000000000e+00
1.000000000000000000e+00 0.000000000000000000e+00 0.000000000000000000e+00 0.000000000000000000e+00
1.000000000000000000e+00 0.000000000000000000e+00 0.000000000000000000e+00 0.000000000000000000e+00
9.943431019783020020e-01 1.153399143368005753e-02 -7.945342361927032471e-02 -6.954108178615570068e-02
7.994183301925659180e-01 2.443671524524688721e-01 1.688488423824310303e-01 -5.222117304801940918e-01
6.812530755996704102e-01 2.085928372252965346e-07 -7.320480346679687500e-01 2.594100578789948486e-07
9.801651239395141602e-01 5.919530615210533142e-02 -7.236320525407791138e-02 1.747448146343231201e-01
9.843205213546752930e-01 -6.577133387327194214e-02 -6.258688122034072876e-02 1.512287706136703491e-01
9.246205687522888184e-01 2.574172019958496094e-01 2.623950541019439697e-01 -9.981093555688858032e-02
9.819515347480773926e-01 9.344289451837539673e-02 8.130093663930892944e-02 -1.429328918457031250e-01
1.000000000000000000e+00 0.000000000000000000e+00 0.000000000000000000e+00 0.000000000000000000e+00
9.369927048683166504e-01 -9.735139086842536926e-03 4.633964598178863525e-02 -3.461250066757202148e-01
9.444805979728698730e-01 1.000859768396367144e-07 3.334767371416091919e-02 -3.268708288669586182e-01
9.859793186187744141e-01 -7.473878582686666050e-08 1.693609543144702911e-02 -1.660060137510299683e-01
1.000000000000000000e+00 0.000000000000000000e+00 0.000000000000000000e+00 0.000000000000000000e+00
9.162322282791137695e-01 9.800508851185441017e-04 7.906792312860488892e-02 -3.927669525146484375e-01
9.570686221122741699e-01 3.989705987805791665e-08 2.941930852830410004e-02 -2.883645594120025635e-01
9.925669431686401367e-01 -1.894187029449767579e-08 1.235177088528871536e-02 -1.210715845227241516e-01
1.000000000000000000e+00 0.000000000000000000e+00 0.000000000000000000e+00 0.000000000000000000e+00
9.342792034149169922e-01 8.763211779296398163e-03 9.572934359312057495e-02 -3.433388471603393555e-01
9.172552824020385742e-01 -2.944475241406507848e-08 4.042510315775871277e-02 -3.962431252002716064e-01
9.784690141677856445e-01 4.283172483354746873e-09 2.094773389399051666e-02 -2.053280919790267944e-01
1.000000000000000000e+00 0.000000000000000000e+00 0.000000000000000000e+00 0.000000000000000000e+00
9.505108594894409180e-01 2.108524180948734283e-02 1.354155391454696655e-01 -2.788318097591400146e-01
9.277737736701965332e-01 5.571229166889679618e-08 3.787187859416007996e-02 -3.712163865566253662e-01
8.719848990440368652e-01 1.783641891961451620e-07 4.968473315238952637e-02 -4.870049059391021729e-01
1.000000000000000000e+00 0.000000000000000000e+00 0.000000000000000000e+00 0.000000000000000000e+00
9.877585768699645996e-01 1.350739039480686188e-02 8.185093104839324951e-02 1.321024447679519653e-01
8.908852934837341309e-01 7.225404679775238037e-02 -7.502884417772293091e-02 4.421237409114837646e-01
7.563907504081726074e-01 2.193475268086331198e-07 6.541200876235961914e-01 -3.682321789710840676e-07
9.927805066108703613e-01 1.742410100996494293e-02 4.465288668870925903e-02 -1.099517121911048889e-01
8.817458152770996094e-01 -1.468168105930089951e-02 -4.503453895449638367e-02 4.693407416343688965e-01
8.758065104484558105e-01 -6.805686325606075116e-08 -3.896522521972656250e-02 4.810869693756103516e-01
9.600439667701721191e-01 1.455124909455207671e-09 -2.259211428463459015e-02 2.789358496665954590e-01
1.000000000000000000e+00 0.000000000000000000e+00 0.000000000000000000e+00 0.000000000000000000e+00
8.414251804351806641e-01 -3.446757048368453979e-02 -2.287549152970314026e-02 5.387878417968750000e-01
8.350151777267456055e-01 -3.346008359272900634e-09 -4.441976174712181091e-02 5.484310388565063477e-01
9.764025807380676270e-01 6.879502478795984644e-08 -1.743428036570549011e-02 2.152534723281860352e-01
1.000000000000000000e+00 0.000000000000000000e+00 0.000000000000000000e+00 0.000000000000000000e+00
8.650581836700439453e-01 -5.099856853485107422e-02 1.458479277789592743e-02 4.988594651222229004e-01
8.774594664573669434e-01 -5.306926453840787872e-09 -3.872208669781684875e-02 4.780852794647216797e-01
9.771912097930908203e-01 7.527512025262694806e-06 -1.714395359158515930e-02 2.116682082414627075e-01
1.000000000000000000e+00 0.000000000000000000e+00 0.000000000000000000e+00 0.000000000000000000e+00
9.256136417388916016e-01 -4.293173924088478088e-02 4.139269515872001648e-02 3.737418055534362793e-01
8.062878847122192383e-01 9.240596199333594996e-08 -4.775360599160194397e-02 5.895925760269165039e-01
9.876850247383117676e-01 -2.887737871049012028e-08 -1.263061352074146271e-02 1.559449583292007446e-01
1.000000000000000000e+00 0.000000000000000000e+00 0.000000000000000000e+00 0.000000000000000000e+00
9.968441128730773926e-01 3.114832332357764244e-03 6.525882333517074585e-02 -4.509542509913444519e-02
9.448501467704772949e-01 1.822131127119064331e-01 -2.720578610897064209e-01 -6.414019502699375153e-03
9.613772630691528320e-01 -4.342605825513601303e-03 9.006235003471374512e-02 -2.600455284118652344e-01
1.000000000000000000e+00 0.000000000000000000e+00 0.000000000000000000e+00 0.000000000000000000e+00
9.028170108795166016e-01 -4.234746098518371582e-01 5.207570642232894897e-02 5.365677922964096069e-02
5.954740643501281738e-01 8.028789162635803223e-01 -1.452553272247314453e-02 -2.418901212513446808e-02
8.628350496292114258e-01 -5.042192339897155762e-01 -2.564408816397190094e-02 2.492025308310985565e-02
9.953609108924865723e-01 -9.621234238147735596e-02 -1.099196111908895546e-08 1.016510786655544507e-08
1.000000000000000000e+00 0.000000000000000000e+00 0.000000000000000000e+00 0.000000000000000000e+00
7.999173402786254883e-01 -5.942776203155517578e-01 -8.344356715679168701e-02 1.945063704624772072e-03
6.077317595481872559e-01 7.808645367622375488e-01 -1.012208387255668640e-01 -1.032815650105476379e-01
9.519687891006469727e-01 -3.023175299167633057e-01 4.086273163557052612e-02 2.626722864806652069e-02
9.976152777671813965e-01 -6.902159750461578369e-02 -4.679773235594097969e-10 6.763989368607781216e-09
1.000000000000000000e+00 0.000000000000000000e+00 0.000000000000000000e+00 0.000000000000000000e+00
#New slice
9.946157336235046387e-01 3.153285011649131775e-02 -9.745012223720550537e-02 -1.577066630125045776e-02
9.789406657218933105e-01 2.030492573976516724e-01 1.135231368243694305e-02 -1.781352609395980835e-02
9.995548725128173828e-01 -2.820000611245632172e-02 3.964644391089677811e-03 8.895100094377994537e-03
9.995551109313964844e-01 -2.826784178614616394e-02 4.209842532873153687e-03 8.545698598027229309e-03
9.871758818626403809e-01 1.594545692205429077e-01 5.785627756267786026e-03 -4.965865518897771835e-03
9.917752742767333984e-01 7.139120250940322876e-02 1.024708524346351624e-01 -2.801826596260070801e-02
1.000000000000000000e+00 0.000000000000000000e+00 0.000000000000000000e+00 0.000000000000000000e+00
1.000000000000000000e+00 0.000000000000000000e+00 0.000000000000000000e+00 0.000000000000000000e+00
1.000000000000000000e+00 0.000000000000000000e+00 0.000000000000000000e+00 0.000000000000000000e+00
9.941804409027099609e-01 1.172835845500230789e-02 -8.159263432025909424e-02 -6.935662031173706055e-02
8.088555932044982910e-01 2.399228513240814209e-01 1.726666837930679321e-01 -5.083070993423461914e-01
6.811534762382507324e-01 -2.314311018380976748e-07 -7.321407198905944824e-01 -2.415257824850414181e-07
9.821900725364685059e-01 4.448448494076728821e-02 -6.216072663664817810e-02 1.716386526823043823e-01
9.843205213546752930e-01 -6.577133387327194214e-02 -6.258688122034072876e-02 1.512287706136703491e-01
9.348038434982299805e-01 2.439993172883987427e-01 2.484881430864334106e-01 -6.971175223588943481e-02
9.638801813125610352e-01 1.314660906791687012e-01 1.193163245916366577e-01 -1.985327899456024170e-01
1.000000000000000000e+00 0.000000000000000000e+00 0.000000000000000000e+00 0.000000000000000000e+00
9.199948906898498535e-01 -1.523476932197809219e-02 4.061384126543998718e-02 -3.895226120948791504e-01
9.497295022010803223e-01 8.433321596612586291e-08 3.177484869956970215e-02 -3.114550411701202393e-01
9.899656176567077637e-01 4.527420927047387522e-08 1.434195507317781448e-02 -1.405792683362960815e-01
1.000000000000000000e+00 0.000000000000000000e+00 0.000000000000000000e+00 0.000000000000000000e+00
8.983262777328491211e-01 -3.112059552222490311e-03 7.393690943717956543e-02 -4.330517351627349854e-01
9.612818956375122070e-01 -4.941053433071829204e-08 2.796838991343975067e-02 -2.741439938545227051e-01
9.901323914527893066e-01 1.587269338187979884e-08 1.422292087227106094e-02 -1.394114047288894653e-01
1.000000000000000000e+00 0.000000000000000000e+00 0.000000000000000000e+00 0.000000000000000000e+00
9.178411364555358887e-01 5.804439540952444077e-03 8.984430879354476929e-02 -3.866031169891357422e-01
9.202675819396972656e-01 6.173278421783834347e-08 3.971358388662338257e-02 -3.892690837383270264e-01
9.733651876449584961e-01 -6.219245118899152658e-09 2.326861955225467682e-02 -2.280763089656829834e-01
1.000000000000000000e+00 0.000000000000000000e+00 0.000000000000000000e+00 0.000000000000000000e+00
9.418078064918518066e-01 2.329454943537712097e-02 1.381452083587646484e-01 -3.055675923824310303e-01
9.348726868629455566e-01 1.125708877225406468e-07 3.602877259254455566e-02 -3.531500697135925293e-01
8.943706154823303223e-01 -1.041316144423376500e-09 4.540085792541503906e-02 -4.450167715549468994e-01
1.000000000000000000e+00 0.000000000000000000e+00 0.000000000000000000e+00 0.000000000000000000e+00
9.865648746490478516e-01 1.375573873519897461e-02 8.167061954736709595e-02 1.408204287290573120e-01
8.788383007049560547e-01 7.335248589515686035e-02 -8.796218037605285645e-02 4.631690084934234619e-01
7.616122364997863770e-01 3.047188101845677011e-08 6.480330824851989746e-01 -1.588322930956564960e-07
9.927545785903930664e-01 7.771080126985907555e-04 1.902999356389045715e-02 -1.186407059431076050e-01
8.784302473068237305e-01 -1.811275631189346313e-02 -3.957866877317428589e-02 4.758842289447784424e-01
8.887246251106262207e-01 -6.182797562814812409e-08 -3.700982406735420227e-02 4.569453597068786621e-01
9.602133631706237793e-01 7.371332344519032631e-08 -2.254519425332546234e-02 2.783558964729309082e-01
1.000000000000000000e+00 0.000000000000000000e+00 0.000000000000000000e+00 0.000000000000000000e+00
8.465346693992614746e-01 -3.984110802412033081e-02 -1.258828025311231613e-02 5.306913256645202637e-01
8.491940498352050781e-01 -3.180469221319981443e-08 -4.263193905353546143e-02 5.263572931289672852e-01
9.770002961158752441e-01 1.489448475666677041e-08 -1.721475645899772644e-02 2.125420868396759033e-01
1.000000000000000000e+00 0.000000000000000000e+00 0.000000000000000000e+00 0.000000000000000000e+00
8.598161935806274414e-01 -5.554461851716041565e-02 1.991181261837482452e-02 5.071828365325927734e-01
8.919934034347534180e-01 4.176365209218602104e-08 -3.649381548166275024e-02 4.505729675292968750e-01
9.779775738716125488e-01 7.382305284409085289e-06 -1.684917695820331573e-02 2.080289274454116821e-01
1.000000000000000000e+00 0.000000000000000000e+00 0.000000000000000000e+00 0.000000000000000000e+00
9.217107295989990234e-01 -4.485635086894035339e-02 4.241963848471641541e-02 3.829332292079925537e-01
8.241154551506042480e-01 4.068315107019770949e-08 -4.572721198201179504e-02 5.645731091499328613e-01
9.884408712387084961e-01 1.180122737309829972e-07 -1.223919074982404709e-02 1.511121392250061035e-01
1.000000000000000000e+00 0.000000000000000000e+00 0.000000000000000000e+00 0.000000000000000000e+00
9.951387643814086914e-01 -1.442066766321659088e-02 6.862258911132812500e-02 -6.915225833654403687e-02
9.319344758987426758e-01 2.063259184360504150e-01 -2.981326282024383545e-01 6.686446722596883774e-03
9.505341649055480957e-01 -1.328004524111747742e-03 1.049983501434326172e-01 -2.923326790332794189e-01
1.000000000000000000e+00 0.000000000000000000e+00 0.000000000000000000e+00 0.000000000000000000e+00
9.118344187736511230e-01 -4.019695818424224854e-01 5.958450958132743835e-02 5.855077132582664490e-02
5.524389743804931641e-01 8.334009051322937012e-01 -6.078492151573300362e-04 -1.593565195798873901e-02
8.249545097351074219e-01 -5.647251009941101074e-01 -1.899377629160881042e-02 1.322500314563512802e-02
9.865784049034118652e-01 -1.632884442806243896e-01 -9.308825377196683348e-10 5.149644710655820745e-09
1.000000000000000000e+00 0.000000000000000000e+00 0.000000000000000000e+00 0.000000000000000000e+00
7.808253169059753418e-01 -6.204203367233276367e-01 -7.297014445066452026e-02 8.113424293696880341e-03
5.598636865615844727e-01 8.192386627197265625e-01 -7.950724661350250244e-02 -9.528522193431854248e-02
9.442939758300781250e-01 -3.245889842510223389e-01 4.967053607106208801e-02 2.199391461908817291e-02
9.959303736686706543e-01 -9.012582898139953613e-02 -3.762058042866556207e-08 -2.347218952536422876e-08
1.000000000000000000e+00 0.000000000000000000e+00 0.000000000000000000e+00 0.000000000000000000e+00
#New slice
9.965639710426330566e-01 2.872761897742748260e-02 -7.584416121244430542e-02 -1.681701093912124634e-02
9.785240292549133301e-01 2.059093564748764038e-01 8.732867427170276642e-03 -3.978915512561798096e-03
9.995368123054504395e-01 -2.984850667417049408e-02 2.091052010655403137e-03 5.559058394283056259e-03
9.995373487472534180e-01 -2.985364198684692383e-02 2.095032949000597000e-03 5.428011994808912277e-03
9.869414567947387695e-01 1.609122455120086670e-01 5.423670168966054916e-03 -4.934879951179027557e-03
9.920524358749389648e-01 7.802042365074157715e-02 9.645102173089981079e-02 -2.102245762944221497e-02
1.000000000000000000e+00 0.000000000000000000e+00 0.000000000000000000e+00 0.000000000000000000e+00
1.000000000000000000e+00 0.000000000000000000e+00 0.000000000000000000e+00 0.000000000000000000e+00
1.000000000000000000e+00 0.000000000000000000e+00 0.000000000000000000e+00 0.000000000000000000e+00
9.942793846130371094e-01 1.133534032851457596e-02 -7.735048234462738037e-02 -7.277979701757431030e-02
8.208988308906555176e-01 2.350947260856628418e-01 1.717281788587570190e-01 -4.912891387939453125e-01
6.832373738288879395e-01 -3.916143214155454189e-07 -7.301963567733764648e-01 -2.695994112400512677e-07
9.838525652885437012e-01 3.880542889237403870e-02 -5.722884461283683777e-02 1.650853902101516724e-01
9.843205213546752930e-01 -6.577133387327194214e-02 -6.258688122034072876e-02 1.512287706136703491e-01
9.436340332031250000e-01 2.298123687505722046e-01 2.348496466875076294e-01 -3.983643278479576111e-02
9.397120475769042969e-01 1.738435477018356323e-01 1.522965282201766968e-01 -2.520429193973541260e-01
1.000000000000000000e+00 0.000000000000000000e+00 0.000000000000000000e+00 0.000000000000000000e+00
9.038628935813903809e-01 -1.773416623473167419e-02 4.206350818276405334e-02 -4.253801405429840088e-01
9.540575742721557617e-01 4.099915784649965644e-08 3.041002526879310608e-02 -2.980764210224151611e-01
9.938482642173767090e-01 5.505387790094573575e-08 1.124049723148345947e-02 -1.101784184575080872e-01
1.000000000000000000e+00 0.000000000000000000e+00 0.000000000000000000e+00 0.000000000000000000e+00
8.801175951957702637e-01 -4.879737272858619690e-03 7.429022341966629028e-02 -4.688820838928222656e-01
9.656583070755004883e-01 1.082587459677597508e-07 2.636974491178989410e-02 -2.584737539291381836e-01
9.873825311660766602e-01 -4.220926186349061027e-08 1.607184112071990967e-02 -1.575355529785156250e-01
1.000000000000000000e+00 0.000000000000000000e+00 0.000000000000000000e+00 0.000000000000000000e+00
8.972291946411132812e-01 5.393295083194971085e-03 9.130971133708953857e-02 -4.319875538349151611e-01
9.259878396987915039e-01 8.599257483865585527e-08 3.831946477293968201e-02 -3.756037056446075439e-01
9.682282209396362305e-01 2.404708210335115837e-09 2.538039907813072205e-02 -2.487769126892089844e-01
1.000000000000000000e+00 0.000000000000000000e+00 0.000000000000000000e+00 0.000000000000000000e+00
9.274650812149047852e-01 2.769881114363670349e-02 1.447977274656295776e-01 -3.436202406883239746e-01
9.435366988182067871e-01 4.244337148406884808e-08 3.362178429961204529e-02 -3.295577168464660645e-01
9.190477132797241211e-01 -8.106850302169732458e-09 4.000348970293998718e-02 -3.921112716197967529e-01
1.000000000000000000e+00 0.000000000000000000e+00 0.000000000000000000e+00 0.000000000000000000e+00
9.859192967414855957e-01 1.337729208171367645e-02 7.414638996124267578e-02 1.492866575717926025e-01
8.707508444786071777e-01 8.994228392839431763e-02 -9.381287544965744019e-02 4.742388725280761719e-01
7.561011314392089844e-01 -3.793952885189355584e-08 6.544547080993652344e-01 -1.799220115117350360e-07
9.949893355369567871e-01 4.715944640338420868e-03 -6.993380957283079624e-04 -9.986846148967742920e-02
8.808702826499938965e-01 -1.663053222000598907e-02 -4.164155945181846619e-02 4.712292551994323730e-01
9.075064659118652344e-01 5.182531026548531372e-08 -3.390960767865180969e-02 4.186674058437347412e-01
9.631136059761047363e-01 4.158063759973629203e-08 -2.172399498522281647e-02 2.682171165943145752e-01
1.000000000000000000e+00 0.000000000000000000e+00 0.000000000000000000e+00 0.000000000000000000e+00
8.446774482727050781e-01 -3.027324564754962921e-02 -2.853001095354557037e-02 5.336567759513854980e-01
8.688433766365051270e-01 1.136225691311665287e-07 -3.996829316020011902e-02 4.934712946414947510e-01
9.778412580490112305e-01 -4.214490445519913919e-08 -1.690051518380641937e-02 2.086645513772964478e-01
1.000000000000000000e+00 0.000000000000000000e+00 0.000000000000000000e+00 0.000000000000000000e+00
8.624938130378723145e-01 -5.712320283055305481e-02 2.423310838639736176e-02 5.022490620613098145e-01
9.071871042251586914e-01 1.550173180930869421e-07 -3.396523743867874146e-02 4.193542599678039551e-01
9.785131812095642090e-01 7.192906650743680075e-06 -1.664520241320133209e-02 2.055113762617111206e-01
1.000000000000000000e+00 0.000000000000000000e+00 0.000000000000000000e+00 0.000000000000000000e+00
9.232789874076843262e-01 -4.426135495305061340e-02 4.248584061861038208e-02 3.791989386081695557e-01
8.429404497146606445e-01 -7.733948592658634880e-09 -4.343325272202491760e-02 5.362508296966552734e-01
9.889900684356689453e-01 2.301256252223993215e-08 -1.194654963910579681e-02 1.474989652633666992e-01
1.000000000000000000e+00 0.000000000000000000e+00 0.000000000000000000e+00 0.000000000000000000e+00
9.920815229415893555e-01 -3.450554981827735901e-02 7.240245491266250610e-02 -9.665146470069885254e-02
9.157214760780334473e-01 2.316940873861312866e-01 -3.275830149650573730e-01 2.147989720106124878e-02
9.383242726325988770e-01 1.652172999456524849e-03 1.182024329900741577e-01 -3.249200582504272461e-01
1.000000000000000000e+00 0.000000000000000000e+00 0.000000000000000000e+00 0.000000000000000000e+00
9.101781845092773438e-01 -4.080568552017211914e-01 6.319695711135864258e-02 3.273615241050720215e-02
4.957587718963623047e-01 8.650893568992614746e-01 4.312107339501380920e-02 6.312046945095062256e-02
7.910795807838439941e-01 -6.074432134628295898e-01 -7.410406135022640228e-03 -7.176990061998367310e-02
9.948396682739257812e-01 -1.014596968889236450e-01 -3.675826931726078328e-08 9.156195940329681093e-11
1.000000000000000000e+00 0.000000000000000000e+00 0.000000000000000000e+00 0.000000000000000000e+00
7.497432827949523926e-01 -6.579676270484924316e-01 -6.502075493335723877e-02 2.712740562856197357e-02
5.054430365562438965e-01 8.557428717613220215e-01 -5.277220159769058228e-02 -9.719368070363998413e-02
9.402167201042175293e-01 -3.391359150409698486e-01 1.193623989820480347e-02 2.892900444567203522e-02
9.906828999519348145e-01 -1.361888200044631958e-01 6.114910178212085157e-08 3.165071094102245297e-09
1.000000000000000000e+00 0.000000000000000000e+00 0.000000000000000000e+00 0.000000000000000000e+00
#New slice
9.987428188323974609e-01 2.642308734357357025e-02 -4.069747775793075562e-02 1.258340105414390564e-02
9.768173098564147949e-01 2.128964811563491821e-01 -4.446329083293676376e-03 -2.198328636586666107e-02
9.993930459022521973e-01 -3.420683369040489197e-02 -1.023855642415583134e-03 6.525167729705572128e-03
9.993938207626342773e-01 -3.413470089435577393e-02 -1.179929822683334351e-03 6.757142953574657440e-03
9.875085949897766113e-01 1.574496030807495117e-01 4.485235083848237991e-03 -4.025605972856283188e-03
9.934800863265991211e-01 7.318103313446044922e-02 8.546274155378341675e-02 -1.838452927768230438e-02
1.000000000000000000e+00 0.000000000000000000e+00 0.000000000000000000e+00 0.000000000000000000e+00
1.000000000000000000e+00 0.000000000000000000e+00 0.000000000000000000e+00 0.000000000000000000e+00
1.000000000000000000e+00 0.000000000000000000e+00 0.000000000000000000e+00 0.000000000000000000e+00
9.950684309005737305e-01 9.815356694161891937e-03 -5.965549498796463013e-02 -7.863697409629821777e-02
8.340896964073181152e-01 2.408837378025054932e-01 1.586246937513351440e-01 -4.702208340167999268e-01
6.937574744224548340e-01 -3.721406756085343659e-07 -7.202087640762329102e-01 -2.893224859690235462e-07
9.778891801834106445e-01 7.636167854070663452e-02 -8.637220412492752075e-02 1.744748353958129883e-01
9.843205213546752930e-01 -6.577133387327194214e-02 -6.258688122034072876e-02 1.512287706136703491e-01
9.480026364326477051e-01 2.203298062086105347e-01 2.289445400238037109e-01 -1.817037351429462433e-02
9.094469547271728516e-01 2.209404706954956055e-01 1.806013584136962891e-01 -3.024478554725646973e-01
1.000000000000000000e+00 0.000000000000000000e+00 0.000000000000000000e+00 0.000000000000000000e+00
8.934245705604553223e-01 -1.552923023700714111e-02 5.045883730053901672e-02 -4.461000859737396240e-01
9.554927349090576172e-01 1.998143517312200856e-08 2.994226664304733276e-02 -2.934916019439697266e-01
9.956045150756835938e-01 1.224834544899522371e-08 9.505693800747394562e-03 -9.317455440759658813e-02
1.000000000000000000e+00 0.000000000000000000e+00 0.000000000000000000e+00 0.000000000000000000e+00
8.768934011459350586e-01 1.799487217795103788e-04 8.407620340585708618e-02 -4.732749164104461670e-01
9.696219563484191895e-01 5.354791454692531261e-08 2.482632733881473541e-02 -2.433452755212783813e-01
9.848333597183227539e-01 2.458729397858405719e-08 1.760938949882984161e-02 -1.726070642471313477e-01
1.000000000000000000e+00 0.000000000000000000e+00 0.000000000000000000e+00 0.000000000000000000e+00
8.872952461242675781e-01 1.353263575583696365e-02 1.080201938748359680e-01 -4.481692910194396973e-01
9.379783272743225098e-01 2.333324822245685937e-08 3.518740087747573853e-02 -3.449036478996276855e-01
9.642153382301330566e-01 7.727091855258549913e-08 2.690832130610942841e-02 -2.637512683868408203e-01
1.000000000000000000e+00 0.000000000000000000e+00 0.000000000000000000e+00 0.000000000000000000e+00
9.105946421623229980e-01 3.530244529247283936e-02 1.576447486877441406e-01 -3.804198205471038818e-01
9.527554512023925781e-01 3.470140441663716047e-08 3.082774952054023743e-02 -3.021699488162994385e-01
9.402824640274047852e-01 8.220909819556254661e-08 3.454812243580818176e-02 -3.386374413967132568e-01
1.000000000000000000e+00 0.000000000000000000e+00 0.000000000000000000e+00 0.000000000000000000e+00
9.874506592750549316e-01 1.217196695506572723e-02 6.173508241772651672e-02 1.448510736227035522e-01
8.629377484321594238e-01 9.496101737022399902e-02 -6.991184502840042114e-02 4.913585186004638672e-01
7.893920540809631348e-01 2.237903906632254802e-08 6.138893961906433105e-01 -2.003894650215443107e-07
9.976103305816650391e-01 9.976767934858798981e-03 1.259672455489635468e-02 -6.719688326120376587e-02
8.895569443702697754e-01 -1.276267319917678833e-02 -4.667652025818824768e-02 4.542544186115264893e-01
9.281005263328552246e-01 -4.716316936992370756e-08 -3.005812317132949829e-02 3.711144328117370605e-01
9.681279659271240234e-01 1.178429087644872197e-08 -2.021932974457740784e-02 2.496385574340820312e-01
1.000000000000000000e+00 0.000000000000000000e+00 0.000000000000000000e+00 0.000000000000000000e+00
8.461973071098327637e-01 -1.477656606584787369e-02 -5.271742865443229675e-02 5.300496220588684082e-01
8.906135559082031250e-01 3.659981473447260214e-08 -3.671274334192276001e-02 4.532765746116638184e-01
9.792374372482299805e-01 9.510694454206713999e-10 -1.636532321572303772e-02 2.020555883646011353e-01
1.000000000000000000e+00 0.000000000000000000e+00 0.000000000000000000e+00 0.000000000000000000e+00
8.744161128997802734e-01 -5.588367581367492676e-02 2.913431450724601746e-02 4.810661971569061279e-01
9.216362237930297852e-01 4.547296228452069045e-08 -3.132761642336845398e-02 3.867887258529663086e-01
9.784081578254699707e-01 7.300169727386673912e-06 -1.668539270758628845e-02 2.060073763132095337e-01
1.000000000000000000e+00 0.000000000000000000e+00 0.000000000000000000e+00 0.000000000000000000e+00
9.317850470542907715e-01 -4.146707430481910706e-02 4.426127672195434570e-02 3.579078316688537598e-01
8.621351718902587891e-01 1.728401954892433423e-08 -4.090410843491554260e-02 5.050245523452758789e-01
9.888361096382141113e-01 6.375061190055930638e-08 -1.202936749905347824e-02 1.485213786363601685e-01
1.000000000000000000e+00 0.000000000000000000e+00 0.000000000000000000e+00 0.000000000000000000e+00
9.878504872322082520e-01 -5.454938486218452454e-02 7.609651982784271240e-02 -1.240368708968162537e-01
8.981904387474060059e-01 2.547499537467956543e-01 -3.564844429492950439e-01 3.571071848273277283e-02
9.178349375724792480e-01 5.253157578408718109e-03 1.405131220817565918e-01 -3.712244331836700439e-01
1.000000000000000000e+00 0.000000000000000000e+00 0.000000000000000000e+00 0.000000000000000000e+00
8.283700942993164062e-01 -5.583606362342834473e-01 4.510534182190895081e-02 -1.367812976241111755e-03
4.193236231803894043e-01 9.006364941596984863e-01 5.265537649393081665e-02 1.012377738952636719e-01
8.426552414894104004e-01 -5.284715890884399414e-01 -2.322945976629853249e-03 -1.031726375222206116e-01
9.987587332725524902e-01 -4.980984330177307129e-02 -1.909702618263509066e-08 3.772678880409330304e-08
1.000000000000000000e+00 0.000000000000000000e+00 0.000000000000000000e+00 0.000000000000000000e+00
7.486751079559326172e-01 -6.613506078720092773e-01 -3.740693256258964539e-02 2.649000100791454315e-02
4.291288852691650391e-01 8.996656537055969238e-01 -1.018072105944156647e-02 -7.966516166925430298e-02
9.069551229476928711e-01 -4.158160090446472168e-01 -5.085192993283271790e-02 4.408560320734977722e-02
9.911122918128967285e-01 -1.330287605524063110e-01 -1.697505069842009107e-08 1.941596927679256623e-08
1.000000000000000000e+00 0.000000000000000000e+00 0.000000000000000000e+00 0.000000000000000000e+00
#New slice
