#Array shape: (1, 67, 4)
8.905803561210632324e-01 3.008166849613189697e-01 -3.406627178192138672e-01 -1.802405901253223419e-02
9.911127686500549316e-01 9.299383312463760376e-02 4.994642361998558044e-02 -8.095039427280426025e-02
9.978590011596679688e-01 1.919037289917469025e-02 4.986582323908805847e-02 -3.771794587373733521e-02
9.964212775230407715e-01 7.732126116752624512e-02 8.488122373819351196e-03 -3.307620063424110413e-02
9.735487699508666992e-01 -2.000299394130706787e-01 1.053762063384056091e-01 3.296534344553947449e-02
9.946831464767456055e-01 -2.897552028298377991e-02 9.864353388547897339e-02 -5.961852613836526871e-03
1.000000000000000000e+00 0.000000000000000000e+00 0.000000000000000000e+00 0.000000000000000000e+00
1.000000000000000000e+00 0.000000000000000000e+00 0.000000000000000000e+00 0.000000000000000000e+00
1.000000000000000000e+00 0.000000000000000000e+00 0.000000000000000000e+00 0.000000000000000000e+00
9.984443783760070801e-01 4.416491091251373291e-02 -2.756383083760738373e-02 1.996318623423576355e-02
6.724196076393127441e-01 -5.807801485061645508e-01 -3.243694901466369629e-01 -3.245469331741333008e-01
6.176899671554565430e-01 -1.306335628032684326e-02 -7.861374616622924805e-01 -1.662262156605720520e-02
9.579147100448608398e-01 -1.624175459146499634e-01 -1.018455997109413147e-01 2.136525511741638184e-01
9.768515229225158691e-01 2.014980465173721313e-01 -6.115910410881042480e-02 -3.767204657196998596e-02
9.736560583114624023e-01 5.923675000667572021e-02 1.997943967580795288e-01 9.255862981081008911e-02
9.632905721664428711e-01 4.568944871425628662e-02 2.322222292423248291e-01 1.267146170139312744e-01
1.000000000000000000e+00 0.000000000000000000e+00 0.000000000000000000e+00 0.000000000000000000e+00
9.672323465347290039e-01 7.593431975692510605e-03 2.022783458232879639e-02 -2.529718577861785889e-01
8.652762770652770996e-01 -7.572336588054895401e-03 6.254290789365768433e-02 -4.973208010196685791e-01
9.779900908470153809e-01 -8.934146724641323090e-03 4.901789873838424683e-02 -2.026150822639465332e-01
1.000000000000000000e+00 0.000000000000000000e+00 0.000000000000000000e+00 0.000000000000000000e+00
9.255509972572326660e-01 -1.975298672914505005e-02 3.742256388068199158e-02 -3.762509822845458984e-01
8.526003360748291016e-01 -9.859075769782066345e-03 8.398193866014480591e-02 -5.156767368316650391e-01
9.726942181587219238e-01 3.015745605807751417e-04 3.078549727797508240e-02 -2.300394624471664429e-01
1.000000000000000000e+00 0.000000000000000000e+00 0.000000000000000000e+00 0.000000000000000000e+00
9.142802357673645020e-01 -5.651809647679328918e-02 6.041936203837394714e-02 -3.965439498424530029e-01
8.795017004013061523e-01 7.315075490623712540e-03 8.581229299306869507e-02 -4.680380225181579590e-01
8.884347677230834961e-01 -5.978458561003208160e-03 8.056562393903732300e-02 -4.518374502658843994e-01
1.000000000000000000e+00 0.000000000000000000e+00 0.000000000000000000e+00 0.000000000000000000e+00
8.896271586418151855e-01 -1.349422782659530640e-01 1.233641579747200012e-01 -4.184918105602264404e-01
8.215388059616088867e-01 1.981014851480722427e-03 8.722297847270965576e-02 -5.634378194808959961e-01
9.065018296241760254e-01 -4.345611203461885452e-03 7.393638044595718384e-02 -4.156550765037536621e-01
1.000000000000000000e+00 0.000000000000000000e+00 0.000000000000000000e+00 0.000000000000000000e+00
9.881113767623901367e-01 1.276110112667083740e-01 -2.964654751121997833e-02 -8.045222610235214233e-02
8.379955291748046875e-01 3.072999119758605957e-01 -3.361533954739570618e-02 4.496667981147766113e-01
8.631461858749389648e-01 -1.101659424602985382e-02 5.045320391654968262e-01 1.745568588376045227e-02
9.952193498611450195e-01 -6.341335922479629517e-02 5.643994081765413284e-03 7.406482845544815063e-02
9.813727140426635742e-01 1.791386632248759270e-03 -1.674043089151382446e-01 9.423587471246719360e-02
9.860282540321350098e-01 2.584526315331459045e-02 -2.297246642410755157e-02 1.629495322704315186e-01
9.664457440376281738e-01 4.280023276805877686e-02 -5.605508014559745789e-02 2.469992935657501221e-01
1.000000000000000000e+00 0.000000000000000000e+00 0.000000000000000000e+00 0.000000000000000000e+00
9.940724372863769531e-01 6.748201791197061539e-03 -1.027011871337890625e-01 3.502814844250679016e-02
9.721171259880065918e-01 7.581293117254972458e-03 -3.553418070077896118e-02 2.316638529300689697e-01
9.849791526794433594e-01 5.445170681923627853e-03 -3.622320666909217834e-02 1.687438338994979858e-01
1.000000000000000000e+00 0.000000000000000000e+00 0.000000000000000000e+00 0.000000000000000000e+00
9.984115958213806152e-01 1.870403299108147621e-03 -5.167040228843688965e-02 2.238327264785766602e-02
9.774141311645507812e-01 4.576398059725761414e-03 -3.837906941771507263e-02 2.077689021825790405e-01
9.986242651939392090e-01 4.009356198366731405e-04 1.525641512125730515e-02 -5.016621947288513184e-02
1.000000000000000000e+00 0.000000000000000000e+00 0.000000000000000000e+00 0.000000000000000000e+00
9.999683499336242676e-01 -4.483067896217107773e-04 4.649472888559103012e-03 6.441792938858270645e-03
9.990178942680358887e-01 1.390509569318965077e-04 -7.483600638806819916e-04 4.430432617664337158e-02
9.995412826538085938e-01 3.978283784817904234e-04 -1.749731041491031647e-02 -2.471627295017242432e-02
1.000000000000000000e+00 0.000000000000000000e+00 0.000000000000000000e+00 0.000000000000000000e+00
9.938973188400268555e-01 -2.533695660531520844e-02 -5.103402212262153625e-02 9.445501118898391724e-02
9.750997424125671387e-01 3.593816980719566345e-02 -2.040834277868270874e-01 -7.898651808500289917e-02
9.905881881713867188e-01 -3.715546429157257080e-02 1.236881092190742493e-01 4.534339159727096558e-02
1.000000000000000000e+00 0.000000000000000000e+00 0.000000000000000000e+00 0.000000000000000000e+00
6.923922896385192871e-01 -6.484578847885131836e-01 2.892539203166961670e-01 1.281696259975433350e-01
4.905629158020019531e-01 8.710908889770507812e-01 9.833022020757198334e-03 2.126533165574073792e-02
9.997016191482543945e-01 2.671449678018689156e-03 -1.519439928233623505e-02 -1.894480176270008087e-02
9.832544326782226562e-01 -1.822382658720016479e-01 -8.808868869891739450e-07 -2.817482027239748277e-06
1.000000000000000000e+00 0.000000000000000000e+00 0.000000000000000000e+00 0.000000000000000000e+00
9.875904321670532227e-01 -3.360535576939582825e-02 9.107632189989089966e-02 -1.234541162848472595e-01
9.578317403793334961e-01 1.446237117052078247e-01 2.417536973953247070e-01 5.654646828770637512e-02
9.952299594879150391e-01 7.140258699655532837e-02 6.646189093589782715e-02 1.363777904771268368e-03
9.668008685111999512e-01 -2.534660696983337402e-01 -3.231340274214744568e-02 -2.617634600028395653e-03
1.000000000000000000e+00 0.000000000000000000e+00 0.000000000000000000e+00 0.000000000000000000e+00
#New slice
