#Array shape: (6, 67, 4)
8.575628399848937988e-01 6.158429756760597229e-02 -5.097420811653137207e-01 3.092582151293754578e-02
9.995766878128051758e-01 6.575711071491241455e-03 2.834003977477550507e-02 2.179467119276523590e-04
9.991235733032226562e-01 3.453426761552691460e-03 4.169367626309394836e-02 1.356523833237588406e-03
9.991232156753540039e-01 2.623779233545064926e-03 4.178599640727043152e-02 2.046412992058321834e-04
9.904143810272216797e-01 1.228020787239074707e-01 4.778183996677398682e-02 4.142343252897262573e-02
9.431517720222473145e-01 -4.411098733544349670e-02 3.265882134437561035e-01 -4.311718419194221497e-02
1.000000000000000000e+00 0.000000000000000000e+00 0.000000000000000000e+00 0.000000000000000000e+00
1.000000000000000000e+00 0.000000000000000000e+00 0.000000000000000000e+00 0.000000000000000000e+00
1.000000000000000000e+00 0.000000000000000000e+00 0.000000000000000000e+00 0.000000000000000000e+00
9.994907975196838379e-01 3.791579743847250938e-03 -2.287503331899642944e-02 2.192553132772445679e-02
8.679922223091125488e-01 -3.118111789226531982e-01 -2.028357982635498047e-01 -3.289696574211120605e-01
7.866768240928649902e-01 -1.188521139283693628e-07 -6.173651814460754395e-01 -1.176770183519693092e-07
4.728560149669647217e-01 -8.565289378166198730e-01 1.984719187021255493e-01 5.808925628662109375e-02
9.979791045188903809e-01 -1.167429238557815552e-02 3.288396075367927551e-02 5.310479924082756042e-02
9.969691634178161621e-01 3.474843129515647888e-02 6.904087215662002563e-02 8.855608291923999786e-03
9.996489286422729492e-01 -4.745048005133867264e-03 1.385925430804491043e-02 2.207775227725505829e-02
1.000000000000000000e+00 0.000000000000000000e+00 0.000000000000000000e+00 0.000000000000000000e+00
9.714165329933166504e-01 -4.026650302080270194e-08 2.833455055952072144e-02 -2.356843203306198120e-01
9.714165329933166504e-01 6.711084132859923557e-09 2.833459526300430298e-02 -2.356842905282974243e-01
9.928284287452697754e-01 4.068791525924098096e-08 1.426960527896881104e-02 -1.186934038996696472e-01
1.000000000000000000e+00 0.000000000000000000e+00 0.000000000000000000e+00 0.000000000000000000e+00
9.714498519897460938e-01 -3.762871614299001521e-08 2.831825055181980133e-02 -2.355488836765289307e-01
9.713831543922424316e-01 2.157208189856874014e-09 2.835079841315746307e-02 -2.358198463916778564e-01
9.928284287452697754e-01 3.547001270476357604e-08 1.426958851516246796e-02 -1.186934188008308411e-01
1.000000000000000000e+00 0.000000000000000000e+00 0.000000000000000000e+00 0.000000000000000000e+00
9.714165329933166504e-01 -4.026650302080270194e-08 2.833455055952072144e-02 -2.356843203306198120e-01
9.714165329933166504e-01 6.711084132859923557e-09 2.833459526300430298e-02 -2.356842905282974243e-01
9.928284287452697754e-01 4.068791525924098096e-08 1.426960527896881104e-02 -1.186934038996696472e-01
1.000000000000000000e+00 0.000000000000000000e+00 0.000000000000000000e+00 0.000000000000000000e+00
9.708420038223266602e-01 8.462979458272457123e-03 6.268035620450973511e-02 -2.312257289886474609e-01
9.707559347152709961e-01 8.462990634143352509e-03 -6.047235336154699326e-03 -2.398431748151779175e-01
9.928284287452697754e-01 5.364472954738630506e-08 1.426962949335575104e-02 -1.186933815479278564e-01
1.000000000000000000e+00 0.000000000000000000e+00 0.000000000000000000e+00 0.000000000000000000e+00
9.960318207740783691e-01 -1.268574502319097519e-03 -5.470846965909004211e-02 7.018557935953140259e-02
6.343094110488891602e-01 -1.863520778715610504e-02 7.086393833160400391e-01 3.084388375282287598e-01
7.540919780731201172e-01 -3.606234031394706108e-07 6.567689776420593262e-01 3.727340640580223408e-07
8.229758739471435547e-01 -4.192655682563781738e-01 -3.198991417884826660e-01 -2.111673057079315186e-01
9.052606225013732910e-01 1.181667630589799955e-05 -5.119964107871055603e-02 4.217604398727416992e-01
9.052605032920837402e-01 -3.189247621548929601e-08 -5.119975656270980835e-02 4.217605888843536377e-01
9.760279059410095215e-01 -9.351129648393907701e-08 -2.622868493199348450e-02 2.160596400499343872e-01
1.000000000000000000e+00 0.000000000000000000e+00 0.000000000000000000e+00 0.000000000000000000e+00
9.052606225013732910e-01 3.909400803081553022e-08 -5.119970440864562988e-02 4.217605888843536377e-01
9.052606225013732910e-01 4.835311528950114734e-08 -5.119978636503219604e-02 4.217606186866760254e-01
9.760279059410095215e-01 -9.351129648393907701e-08 -2.622868493199348450e-02 2.160596400499343872e-01
1.000000000000000000e+00 0.000000000000000000e+00 0.000000000000000000e+00 0.000000000000000000e+00
9.052606225013732910e-01 3.909400803081553022e-08 -5.119970440864562988e-02 4.217605888843536377e-01
9.052606225013732910e-01 4.835311528950114734e-08 -5.119978636503219604e-02 4.217606186866760254e-01
9.760279059410095215e-01 7.560340236523188651e-06 -2.622868120670318604e-02 2.160596698522567749e-01
1.000000000000000000e+00 0.000000000000000000e+00 0.000000000000000000e+00 0.000000000000000000e+00
9.052606225013732910e-01 3.909400803081553022e-08 -5.119970440864562988e-02 4.217605888843536377e-01
9.052606225013732910e-01 4.835311528950114734e-08 -5.119978636503219604e-02 4.217606186866760254e-01
9.760279059410095215e-01 -9.351129648393907701e-08 -2.622868493199348450e-02 2.160596400499343872e-01
1.000000000000000000e+00 0.000000000000000000e+00 0.000000000000000000e+00 0.000000000000000000e+00
9.977601766586303711e-01 -1.429303269833326340e-02 -3.214081376791000366e-02 -5.689770728349685669e-02
9.963384866714477539e-01 4.050079733133316040e-02 -7.513007521629333496e-02 -4.976978059858083725e-03
9.997702240943908691e-01 -1.113270130008459091e-02 9.878451237455010414e-04 -1.829437538981437683e-02
1.000000000000000000e+00 0.000000000000000000e+00 0.000000000000000000e+00 0.000000000000000000e+00
8.978708982467651367e-01 -3.568524122238159180e-01 1.670698821544647217e-01 1.963973045349121094e-01
9.631316661834716797e-01 2.612060606479644775e-01 2.953890152275562286e-02 5.723863095045089722e-02
9.802783131599426270e-01 1.480308622121810913e-01 8.339875377714633942e-03 -1.306597292423248291e-01
9.972685575485229492e-01 -7.386206835508346558e-02 -1.131186593283928232e-07 5.225890120641452086e-08
1.000000000000000000e+00 0.000000000000000000e+00 0.000000000000000000e+00 0.000000000000000000e+00
9.400653839111328125e-01 -1.981910914182662964e-01 -1.960761398077011108e-01 -1.963455528020858765e-01
9.475524425506591797e-01 3.096247911453247070e-01 -1.416476815938949585e-02 -7.795117050409317017e-02
9.742488265037536621e-01 -9.648602455854415894e-02 -4.895418137311935425e-02 1.978214532136917114e-01
9.997467398643493652e-01 -2.250870689749717712e-02 -2.730684229845792288e-07 6.985760858668754736e-09
1.000000000000000000e+00 0.000000000000000000e+00 0.000000000000000000e+00 0.000000000000000000e+00
#New slice
8.591380119323730469e-01 6.992642581462860107e-02 -5.060066580772399902e-01 3.081208094954490662e-02
9.995590448379516602e-01 2.562019973993301392e-03 2.942186035215854645e-02 3.088121302425861359e-03
9.990708827972412109e-01 1.009896281175315380e-03 4.303993657231330872e-02 2.029148163273930550e-03
9.990701675415039062e-01 -9.363422577735036612e-05 4.311064258217811584e-02 5.370546132326126099e-04
9.907681345939636230e-01 1.186146810650825500e-01 4.914584383368492126e-02 4.351955652236938477e-02
9.413002133369445801e-01 -5.456332862377166748e-02 3.310288190841674805e-01 -3.737233951687812805e-02
1.000000000000000000e+00 0.000000000000000000e+00 0.000000000000000000e+00 0.000000000000000000e+00
1.000000000000000000e+00 0.000000000000000000e+00 0.000000000000000000e+00 0.000000000000000000e+00
1.000000000000000000e+00 0.000000000000000000e+00 0.000000000000000000e+00 0.000000000000000000e+00
9.991083741188049316e-01 4.065366461873054504e-03 -2.924861572682857513e-02 3.017341531813144684e-02
8.691403269767761230e-01 -3.105979263782501221e-01 -1.941367536783218384e-01 -3.323175609111785889e-01
8.011459708213806152e-01 1.070822150950334617e-07 -5.984690189361572266e-01 1.770758046859555179e-07
4.802994430065155029e-01 -8.580603003501892090e-01 1.786399483680725098e-01 3.365624696016311646e-02
9.979791045188903809e-01 -1.167429238557815552e-02 3.288396075367927551e-02 5.310479924082756042e-02
9.969691634178161621e-01 3.474843129515647888e-02 6.904087215662002563e-02 8.855608291923999786e-03
9.996489286422729492e-01 -4.745048005133867264e-03 1.385925430804491043e-02 2.207775227725505829e-02
1.000000000000000000e+00 0.000000000000000000e+00 0.000000000000000000e+00 0.000000000000000000e+00
9.714165329933166504e-01 -4.026650302080270194e-08 2.833455055952072144e-02 -2.356843203306198120e-01
9.714165329933166504e-01 6.711084132859923557e-09 2.833459526300430298e-02 -2.356842905282974243e-01
9.928284287452697754e-01 4.068791525924098096e-08 1.426960527896881104e-02 -1.186934038996696472e-01
1.000000000000000000e+00 0.000000000000000000e+00 0.000000000000000000e+00 0.000000000000000000e+00
9.714498519897460938e-01 -3.762871614299001521e-08 2.831825055181980133e-02 -2.355488836765289307e-01
9.713831543922424316e-01 2.157208189856874014e-09 2.835079841315746307e-02 -2.358198463916778564e-01
9.928284287452697754e-01 3.547001270476357604e-08 1.426958851516246796e-02 -1.186934188008308411e-01
1.000000000000000000e+00 0.000000000000000000e+00 0.000000000000000000e+00 0.000000000000000000e+00
9.714165329933166504e-01 -4.026650302080270194e-08 2.833455055952072144e-02 -2.356843203306198120e-01
9.714165329933166504e-01 6.711084132859923557e-09 2.833459526300430298e-02 -2.356842905282974243e-01
9.928284287452697754e-01 4.068791525924098096e-08 1.426960527896881104e-02 -1.186934038996696472e-01
1.000000000000000000e+00 0.000000000000000000e+00 0.000000000000000000e+00 0.000000000000000000e+00
9.708420038223266602e-01 8.462979458272457123e-03 6.268035620450973511e-02 -2.312257289886474609e-01
9.707559347152709961e-01 8.462990634143352509e-03 -6.047235336154699326e-03 -2.398431748151779175e-01
9.928284287452697754e-01 5.364472954738630506e-08 1.426962949335575104e-02 -1.186933815479278564e-01
1.000000000000000000e+00 0.000000000000000000e+00 0.000000000000000000e+00 0.000000000000000000e+00
9.956653118133544922e-01 -1.677691820077598095e-03 -5.695108696818351746e-02 7.351420819759368896e-02
6.282231807708740234e-01 -2.183095365762710571e-02 7.169520854949951172e-01 3.013948798179626465e-01
7.727418541908264160e-01 -2.285727589423913741e-07 6.347204446792602539e-01 1.167439265259417880e-07
8.243210911750793457e-01 -4.278436601161956787e-01 -3.073627650737762451e-01 -2.072985321283340454e-01
8.456025123596191406e-01 1.463282296754186973e-05 -6.433030217885971069e-02 5.299226045608520508e-01
8.456025719642639160e-01 9.471795436866159434e-08 -6.433014571666717529e-02 5.299226045608520508e-01
9.606254696846008301e-01 -1.512413803084200481e-07 -3.348349034786224365e-02 2.758216559886932373e-01
1.000000000000000000e+00 0.000000000000000000e+00 0.000000000000000000e+00 0.000000000000000000e+00
8.456025719642639160e-01 -5.947407544226734899e-08 -6.433029472827911377e-02 5.299227237701416016e-01
8.456025719642639160e-01 6.828503273936803453e-08 -6.433013081550598145e-02 5.299225449562072754e-01
9.606254696846008301e-01 -1.512413803084200481e-07 -3.348349034786224365e-02 2.758216559886932373e-01
1.000000000000000000e+00 0.000000000000000000e+00 0.000000000000000000e+00 0.000000000000000000e+00
8.456025719642639160e-01 -5.947407544226734899e-08 -6.433029472827911377e-02 5.299227237701416016e-01
8.456025719642639160e-01 6.828503273936803453e-08 -6.433013081550598145e-02 5.299225449562072754e-01
9.606254100799560547e-01 9.702232091512996703e-06 -3.348346427083015442e-02 2.758217453956604004e-01
1.000000000000000000e+00 0.000000000000000000e+00 0.000000000000000000e+00 0.000000000000000000e+00
8.456025719642639160e-01 -5.947407544226734899e-08 -6.433029472827911377e-02 5.299227237701416016e-01
8.456025719642639160e-01 6.828503273936803453e-08 -6.433013081550598145e-02 5.299225449562072754e-01
9.606254696846008301e-01 -1.512413803084200481e-07 -3.348349034786224365e-02 2.758216559886932373e-01
1.000000000000000000e+00 0.000000000000000000e+00 0.000000000000000000e+00 0.000000000000000000e+00
9.977601766586303711e-01 -1.429303269833326340e-02 -3.214081376791000366e-02 -5.689770728349685669e-02
9.963384866714477539e-01 4.050079733133316040e-02 -7.513007521629333496e-02 -4.976978059858083725e-03
9.997702240943908691e-01 -1.113270130008459091e-02 9.878451237455010414e-04 -1.829437538981437683e-02
1.000000000000000000e+00 0.000000000000000000e+00 0.000000000000000000e+00 0.000000000000000000e+00
8.940802216529846191e-01 -3.674054443836212158e-01 1.631284207105636597e-01 1.975422203540802002e-01
9.621093273162841797e-01 2.650797367095947266e-01 2.674026228487491608e-02 5.799596011638641357e-02
9.808313846588134766e-01 1.464942097663879395e-01 8.187807165086269379e-03 -1.282271146774291992e-01
9.973870515823364258e-01 -7.224311679601669312e-02 -8.710113519327933318e-09 -3.951399762947005456e-10
1.000000000000000000e+00 0.000000000000000000e+00 0.000000000000000000e+00 0.000000000000000000e+00
9.411662220954895020e-01 -1.988374590873718262e-01 -1.957427263259887695e-01 -1.906690448522567749e-01
9.485483169555664062e-01 3.075273633003234863e-01 -1.004051044583320618e-02 -7.471534609794616699e-02
9.730519056320190430e-01 -1.007923483848571777e-01 -5.615774914622306824e-02 1.996426433324813843e-01
9.997335076332092285e-01 -2.308947779238224030e-02 9.369352937937946990e-08 -4.724926938592943770e-08
1.000000000000000000e+00 0.000000000000000000e+00 0.000000000000000000e+00 0.000000000000000000e+00
#New slice
8.705357313156127930e-01 5.378015339374542236e-02 -4.882529377937316895e-01 2.973782457411289215e-02
9.996210336685180664e-01 1.047025062143802643e-02 2.539930306375026703e-02 -1.814362592995166779e-03
9.993005394935607910e-01 3.215771401301026344e-03 3.725599125027656555e-02 -3.089855599682778120e-04
9.993033409118652344e-01 2.335262019187211990e-03 3.723071888089179993e-02 -1.208755187690258026e-03
9.916911721229553223e-01 1.045174375176429749e-01 4.388458281755447388e-02 6.081880256533622742e-02
9.444613456726074219e-01 -1.397702749818563461e-02 3.264837563037872314e-01 -3.472490236163139343e-02
1.000000000000000000e+00 0.000000000000000000e+00 0.000000000000000000e+00 0.000000000000000000e+00
1.000000000000000000e+00 0.000000000000000000e+00 0.000000000000000000e+00 0.000000000000000000e+00
1.000000000000000000e+00 0.000000000000000000e+00 0.000000000000000000e+00 0.000000000000000000e+00
9.986804127693176270e-01 2.959098434075713158e-03 -2.160400710999965668e-02 4.649694636464118958e-02
8.458932638168334961e-01 -2.997090816497802734e-01 -2.212881892919540405e-01 -3.816682398319244385e-01
7.398613095283508301e-01 2.180670435336651281e-07 -6.727594137191772461e-01 2.393758506968879374e-07
4.973628222942352295e-01 -8.411475419998168945e-01 1.936093717813491821e-01 8.727253228425979614e-02
9.979791045188903809e-01 -1.167429238557815552e-02 3.288396075367927551e-02 5.310479924082756042e-02
9.969691634178161621e-01 3.474843129515647888e-02 6.904087215662002563e-02 8.855608291923999786e-03
9.996489286422729492e-01 -4.745048005133867264e-03 1.385925430804491043e-02 2.207775227725505829e-02
1.000000000000000000e+00 0.000000000000000000e+00 0.000000000000000000e+00 0.000000000000000000e+00
9.714165329933166504e-01 -4.026650302080270194e-08 2.833455055952072144e-02 -2.356843203306198120e-01
9.714165329933166504e-01 6.711084132859923557e-09 2.833459526300430298e-02 -2.356842905282974243e-01
9.928284287452697754e-01 4.068791525924098096e-08 1.426960527896881104e-02 -1.186934038996696472e-01
1.000000000000000000e+00 0.000000000000000000e+00 0.000000000000000000e+00 0.000000000000000000e+00
9.714498519897460938e-01 -3.762871614299001521e-08 2.831825055181980133e-02 -2.355488836765289307e-01
9.713831543922424316e-01 2.157208189856874014e-09 2.835079841315746307e-02 -2.358198463916778564e-01
9.928284287452697754e-01 3.547001270476357604e-08 1.426958851516246796e-02 -1.186934188008308411e-01
1.000000000000000000e+00 0.000000000000000000e+00 0.000000000000000000e+00 0.000000000000000000e+00
9.714165329933166504e-01 -4.026650302080270194e-08 2.833455055952072144e-02 -2.356843203306198120e-01
9.714165329933166504e-01 6.711084132859923557e-09 2.833459526300430298e-02 -2.356842905282974243e-01
9.928284287452697754e-01 4.068791525924098096e-08 1.426960527896881104e-02 -1.186934038996696472e-01
1.000000000000000000e+00 0.000000000000000000e+00 0.000000000000000000e+00 0.000000000000000000e+00
9.708420038223266602e-01 8.462979458272457123e-03 6.268035620450973511e-02 -2.312257289886474609e-01
9.707559347152709961e-01 8.462990634143352509e-03 -6.047235336154699326e-03 -2.398431748151779175e-01
9.928284287452697754e-01 5.364472954738630506e-08 1.426962949335575104e-02 -1.186933815479278564e-01
1.000000000000000000e+00 0.000000000000000000e+00 0.000000000000000000e+00 0.000000000000000000e+00
9.924163222312927246e-01 -3.923918120563030243e-03 -6.668546795845031738e-02 1.031872555613517761e-01
6.697658300399780273e-01 3.917358815670013428e-02 6.795136332511901855e-01 2.968845069408416748e-01
6.849592924118041992e-01 -2.002489281949237920e-06 7.285813093185424805e-01 1.950221758306724951e-06
8.231017589569091797e-01 -3.927677571773529053e-01 -3.217593431472778320e-01 -2.543774843215942383e-01
9.024727344512939453e-01 1.186969075206434354e-05 -5.190965160727500916e-02 4.276076555252075195e-01
9.024727344512939453e-01 -4.127870045778081476e-09 -5.190956965088844299e-02 4.276076555252075195e-01
9.753136038780212402e-01 2.434984303079090751e-08 -2.661174535751342773e-02 2.192155122756958008e-01
1.000000000000000000e+00 0.000000000000000000e+00 0.000000000000000000e+00 0.000000000000000000e+00
9.024727940559387207e-01 -1.031967489240059876e-08 -5.190964788198471069e-02 4.276075959205627441e-01
9.024727940559387207e-01 -1.135164229282281667e-08 -5.190956592559814453e-02 4.276076257228851318e-01
9.753136038780212402e-01 2.434984303079090751e-08 -2.661174535751342773e-02 2.192155122756958008e-01
1.000000000000000000e+00 0.000000000000000000e+00 0.000000000000000000e+00 0.000000000000000000e+00
9.024727940559387207e-01 -1.031967489240059876e-08 -5.190964788198471069e-02 4.276075959205627441e-01
9.024727940559387207e-01 -1.135164229282281667e-08 -5.190956592559814453e-02 4.276076257228851318e-01
9.753136038780212402e-01 7.789084520481992513e-06 -2.661174163222312927e-02 2.192155271768569946e-01
1.000000000000000000e+00 0.000000000000000000e+00 0.000000000000000000e+00 0.000000000000000000e+00
9.024727940559387207e-01 -1.031967489240059876e-08 -5.190964788198471069e-02 4.276075959205627441e-01
9.024727940559387207e-01 -1.135164229282281667e-08 -5.190956592559814453e-02 4.276076257228851318e-01
9.753136038780212402e-01 2.434984303079090751e-08 -2.661174535751342773e-02 2.192155122756958008e-01
1.000000000000000000e+00 0.000000000000000000e+00 0.000000000000000000e+00 0.000000000000000000e+00
9.977601766586303711e-01 -1.429303269833326340e-02 -3.214081376791000366e-02 -5.689770728349685669e-02
9.963384866714477539e-01 4.050079733133316040e-02 -7.513007521629333496e-02 -4.976978059858083725e-03
9.997702240943908691e-01 -1.113270130008459091e-02 9.878451237455010414e-04 -1.829437538981437683e-02
1.000000000000000000e+00 0.000000000000000000e+00 0.000000000000000000e+00 0.000000000000000000e+00
8.962563872337341309e-01 -3.611086905002593994e-01 1.714268773794174194e-01 1.921926140785217285e-01
9.649862647056579590e-01 2.581554651260375977e-01 2.011167630553245544e-02 4.186638072133064270e-02
9.751001000404357910e-01 1.761241704225540161e-01 8.896671235561370850e-03 -1.344662010669708252e-01
9.970369338989257812e-01 -7.692564278841018677e-02 -1.255270518640827504e-07 -3.648915480880532414e-08
1.000000000000000000e+00 0.000000000000000000e+00 0.000000000000000000e+00 0.000000000000000000e+00
9.353904724121093750e-01 -1.845257282257080078e-01 -2.168102115392684937e-01 -2.097338885068893433e-01
9.472798109054565430e-01 3.128805458545684814e-01 -1.102182082831859589e-02 -6.815678626298904419e-02
9.738827347755432129e-01 -1.024150848388671875e-01 -4.909647256135940552e-02 1.966040730476379395e-01
9.997315406799316406e-01 -2.317341044545173645e-02 3.357502365020081925e-08 2.693173506429502595e-08
1.000000000000000000e+00 0.000000000000000000e+00 0.000000000000000000e+00 0.000000000000000000e+00
#New slice
8.685160875320434570e-01 3.591423481702804565e-02 -4.935294091701507568e-01 2.861320041120052338e-02
9.994540214538574219e-01 2.058721706271171570e-02 2.471794001758098602e-02 -7.550512440502643585e-03
9.992821216583251953e-01 9.086795151233673096e-03 3.672756627202033997e-02 -1.944156945683062077e-03
9.992846846580505371e-01 8.482067845761775970e-03 3.676592931151390076e-02 -2.540414454415440559e-03
9.913989305496215820e-01 1.121667549014091492e-01 4.304401203989982605e-02 5.190403386950492859e-02
9.461926221847534180e-01 -5.044601392000913620e-03 3.199352920055389404e-01 -4.832882061600685120e-02
1.000000000000000000e+00 0.000000000000000000e+00 0.000000000000000000e+00 0.000000000000000000e+00
1.000000000000000000e+00 0.000000000000000000e+00 0.000000000000000000e+00 0.000000000000000000e+00
1.000000000000000000e+00 0.000000000000000000e+00 0.000000000000000000e+00 0.000000000000000000e+00
9.994084239006042480e-01 1.856425660662353039e-03 -3.905613673850893974e-03 3.411952406167984009e-02
8.473725914955139160e-01 -3.030517399311065674e-01 -2.550526261329650879e-01 -3.536488413810729980e-01
7.318753004074096680e-01 5.305593830939869804e-08 -6.814386248588562012e-01 2.032199546420088154e-07
4.690303206443786621e-01 -8.451390862464904785e-01 2.368779331445693970e-01 9.818015247583389282e-02
9.979791045188903809e-01 -1.167429238557815552e-02 3.288396075367927551e-02 5.310479924082756042e-02
9.969691634178161621e-01 3.474843129515647888e-02 6.904087215662002563e-02 8.855608291923999786e-03
9.996489286422729492e-01 -4.745048005133867264e-03 1.385925430804491043e-02 2.207775227725505829e-02
1.000000000000000000e+00 0.000000000000000000e+00 0.000000000000000000e+00 0.000000000000000000e+00
9.714165329933166504e-01 -4.026650302080270194e-08 2.833455055952072144e-02 -2.356843203306198120e-01
9.714165329933166504e-01 6.711084132859923557e-09 2.833459526300430298e-02 -2.356842905282974243e-01
9.928284287452697754e-01 4.068791525924098096e-08 1.426960527896881104e-02 -1.186934038996696472e-01
1.000000000000000000e+00 0.000000000000000000e+00 0.000000000000000000e+00 0.000000000000000000e+00
9.714498519897460938e-01 -3.762871614299001521e-08 2.831825055181980133e-02 -2.355488836765289307e-01
9.713831543922424316e-01 2.157208189856874014e-09 2.835079841315746307e-02 -2.358198463916778564e-01
9.928284287452697754e-01 3.547001270476357604e-08 1.426958851516246796e-02 -1.186934188008308411e-01
1.000000000000000000e+00 0.000000000000000000e+00 0.000000000000000000e+00 0.000000000000000000e+00
9.714165329933166504e-01 -4.026650302080270194e-08 2.833455055952072144e-02 -2.356843203306198120e-01
9.714165329933166504e-01 6.711084132859923557e-09 2.833459526300430298e-02 -2.356842905282974243e-01
9.928284287452697754e-01 4.068791525924098096e-08 1.426960527896881104e-02 -1.186934038996696472e-01
1.000000000000000000e+00 0.000000000000000000e+00 0.000000000000000000e+00 0.000000000000000000e+00
9.708420038223266602e-01 8.462979458272457123e-03 6.268035620450973511e-02 -2.312257289886474609e-01
9.707559347152709961e-01 8.462990634143352509e-03 -6.047235336154699326e-03 -2.398431748151779175e-01
9.928284287452697754e-01 5.364472954738630506e-08 1.426962949335575104e-02 -1.186933815479278564e-01
1.000000000000000000e+00 0.000000000000000000e+00 0.000000000000000000e+00 0.000000000000000000e+00
9.933797717094421387e-01 -3.266049083322286606e-03 -6.400834769010543823e-02 9.533694386482238770e-02
6.618740558624267578e-01 3.813106566667556763e-02 6.850930452346801758e-01 3.018547296524047852e-01
6.604698300361633301e-01 3.119801590401038993e-07 7.508525848388671875e-01 -2.518068242807203205e-07
8.206934928894042969e-01 -3.797429203987121582e-01 -3.416356742382049561e-01 -2.560133934020996094e-01
8.976195454597473145e-01 1.210610025736968964e-05 -5.311759933829307556e-02 4.375588297843933105e-01
8.976195454597473145e-01 -1.763830148604483838e-08 -5.311764031648635864e-02 4.375588297843933105e-01
9.740686416625976562e-01 6.812326347471753252e-08 -2.726588957011699677e-02 2.246036529541015625e-01
1.000000000000000000e+00 0.000000000000000000e+00 0.000000000000000000e+00 0.000000000000000000e+00
8.976195454597473145e-01 -2.386358488593032234e-08 -5.311758443713188171e-02 4.375588297843933105e-01
8.976195454597473145e-01 -4.253943330922993482e-08 -5.311762541532516479e-02 4.375588297843933105e-01
9.740686416625976562e-01 6.812326347471753252e-08 -2.726588957011699677e-02 2.246036529541015625e-01
1.000000000000000000e+00 0.000000000000000000e+00 0.000000000000000000e+00 0.000000000000000000e+00
8.976195454597473145e-01 -2.386358488593032234e-08 -5.311758443713188171e-02 4.375588297843933105e-01
8.976195454597473145e-01 -4.253943330922993482e-08 -5.311762541532516479e-02 4.375588297843933105e-01
9.740686416625976562e-01 7.963490133988671005e-06 -2.726588770747184753e-02 2.246036529541015625e-01
1.000000000000000000e+00 0.000000000000000000e+00 0.000000000000000000e+00 0.000000000000000000e+00
8.976195454597473145e-01 -2.386358488593032234e-08 -5.311758443713188171e-02 4.375588297843933105e-01
8.976195454597473145e-01 -4.253943330922993482e-08 -5.311762541532516479e-02 4.375588297843933105e-01
9.740686416625976562e-01 6.812326347471753252e-08 -2.726588957011699677e-02 2.246036529541015625e-01
1.000000000000000000e+00 0.000000000000000000e+00 0.000000000000000000e+00 0.000000000000000000e+00
9.977601766586303711e-01 -1.429303269833326340e-02 -3.214081376791000366e-02 -5.689770728349685669e-02
9.963384866714477539e-01 4.050079733133316040e-02 -7.513007521629333496e-02 -4.976978059858083725e-03
9.997702240943908691e-01 -1.113270130008459091e-02 9.878451237455010414e-04 -1.829437538981437683e-02
1.000000000000000000e+00 0.000000000000000000e+00 0.000000000000000000e+00 0.000000000000000000e+00
9.030801057815551758e-01 -3.451340794563293457e-01 1.734722107648849487e-01 1.877131015062332153e-01
9.649197459220886230e-01 2.570622265338897705e-01 2.825481072068214417e-02 4.528338462114334106e-02
9.739705324172973633e-01 1.884395629167556763e-01 8.559460751712322235e-03 -1.256935596466064453e-01
9.948800802230834961e-01 -1.010627001523971558e-01 3.105386170432211657e-08 6.343473302194979624e-08
1.000000000000000000e+00 0.000000000000000000e+00 0.000000000000000000e+00 0.000000000000000000e+00
9.334226846694946289e-01 -1.881974786520004272e-01 -2.111041694879531860e-01 -2.207687199115753174e-01
9.396011829376220703e-01 3.263907134532928467e-01 -5.308449640870094299e-02 -8.832209557294845581e-02
9.774192571640014648e-01 -7.333774864673614502e-02 -1.679643616080284119e-02 1.974616050720214844e-01
9.995347261428833008e-01 -3.050065413117408752e-02 9.142750911905750399e-08 8.748365587507578311e-08
1.000000000000000000e+00 0.000000000000000000e+00 0.000000000000000000e+00 0.000000000000000000e+00
#New slice
8.647743463516235352e-01 4.180392250418663025e-02 -4.995777606964111328e-01 2.898045815527439117e-02
9.995523691177368164e-01 1.579471677541732788e-02 2.482690289616584778e-02 -5.410003010183572769e-03
9.992997050285339355e-01 7.343289908021688461e-03 3.668338805437088013e-02 -7.316222763620316982e-04
9.993016123771667480e-01 6.881067994982004166e-03 3.671468421816825867e-02 -1.065802760422229767e-03
9.897463917732238770e-01 1.272370368242263794e-01 4.310649633407592773e-02 4.852546378970146179e-02
9.464250206947326660e-01 -5.776884965598583221e-03 3.198503255844116211e-01 -4.407116025686264038e-02
1.000000000000000000e+00 0.000000000000000000e+00 0.000000000000000000e+00 0.000000000000000000e+00
1.000000000000000000e+00 0.000000000000000000e+00 0.000000000000000000e+00 0.000000000000000000e+00
1.000000000000000000e+00 0.000000000000000000e+00 0.000000000000000000e+00 0.000000000000000000e+00
9.996899366378784180e-01 3.381321672350168228e-03 -1.663010381162166595e-02 1.822217926383018494e-02
8.663043975830078125e-01 -2.954149246215820312e-01 -2.197209447622299194e-01 -3.375935256481170654e-01
7.302570343017578125e-01 -1.350103730146656744e-06 -6.831725239753723145e-01 -1.377568310090282466e-06
4.785089194774627686e-01 -8.397657871246337891e-01 2.289060950279235840e-01 1.158646270632743835e-01
9.979791045188903809e-01 -1.167429238557815552e-02 3.288396075367927551e-02 5.310479924082756042e-02
9.969691634178161621e-01 3.474843129515647888e-02 6.904087215662002563e-02 8.855608291923999786e-03
9.996489286422729492e-01 -4.745048005133867264e-03 1.385925430804491043e-02 2.207775227725505829e-02
1.000000000000000000e+00 0.000000000000000000e+00 0.000000000000000000e+00 0.000000000000000000e+00
9.714165329933166504e-01 -4.026650302080270194e-08 2.833455055952072144e-02 -2.356843203306198120e-01
9.714165329933166504e-01 6.711084132859923557e-09 2.833459526300430298e-02 -2.356842905282974243e-01
9.928284287452697754e-01 4.068791525924098096e-08 1.426960527896881104e-02 -1.186934038996696472e-01
1.000000000000000000e+00 0.000000000000000000e+00 0.000000000000000000e+00 0.000000000000000000e+00
9.714498519897460938e-01 -3.762871614299001521e-08 2.831825055181980133e-02 -2.355488836765289307e-01
9.713831543922424316e-01 2.157208189856874014e-09 2.835079841315746307e-02 -2.358198463916778564e-01
9.928284287452697754e-01 3.547001270476357604e-08 1.426958851516246796e-02 -1.186934188008308411e-01
1.000000000000000000e+00 0.000000000000000000e+00 0.000000000000000000e+00 0.000000000000000000e+00
9.714165329933166504e-01 -4.026650302080270194e-08 2.833455055952072144e-02 -2.356843203306198120e-01
9.714165329933166504e-01 6.711084132859923557e-09 2.833459526300430298e-02 -2.356842905282974243e-01
9.928284287452697754e-01 4.068791525924098096e-08 1.426960527896881104e-02 -1.186934038996696472e-01
1.000000000000000000e+00 0.000000000000000000e+00 0.000000000000000000e+00 0.000000000000000000e+00
9.708420038223266602e-01 8.462979458272457123e-03 6.268035620450973511e-02 -2.312257289886474609e-01
9.707559347152709961e-01 8.462990634143352509e-03 -6.047235336154699326e-03 -2.398431748151779175e-01
9.928284287452697754e-01 5.364472954738630506e-08 1.426962949335575104e-02 -1.186933815479278564e-01
1.000000000000000000e+00 0.000000000000000000e+00 0.000000000000000000e+00 0.000000000000000000e+00
9.946799874305725098e-01 -2.254386665299534798e-03 -5.918097496032714844e-02 8.428671956062316895e-02
6.612669229507446289e-01 2.252416498959064484e-02 6.815217137336730957e-01 3.126448988914489746e-01
6.824875473976135254e-01 -1.090544628823408857e-06 7.308972477912902832e-01 1.167898290077573620e-06
8.286181092262268066e-01 -3.875063955783843994e-01 -3.310938477516174316e-01 -2.315334081649780273e-01
9.010711312294006348e-01 1.196670564240776002e-05 -5.226199701428413391e-02 4.305107891559600830e-01
9.010711908340454102e-01 -5.684651327442225011e-08 -5.226213112473487854e-02 4.305108785629272461e-01
9.749541282653808594e-01 -2.794099174252551165e-08 -2.680234052240848541e-02 2.207851707935333252e-01
1.000000000000000000e+00 0.000000000000000000e+00 0.000000000000000000e+00 0.000000000000000000e+00
9.010711312294006348e-01 1.757073775365824986e-08 -5.226200446486473083e-02 4.305107891559600830e-01
9.010711908340454102e-01 -4.754435778409060731e-08 -5.226211994886398315e-02 4.305109083652496338e-01
9.749541282653808594e-01 -2.794099174252551165e-08 -2.680234052240848541e-02 2.207851707935333252e-01
1.000000000000000000e+00 0.000000000000000000e+00 0.000000000000000000e+00 0.000000000000000000e+00
9.010711312294006348e-01 1.757073775365824986e-08 -5.226200446486473083e-02 4.305107891559600830e-01
9.010711908340454102e-01 -4.754435778409060731e-08 -5.226211994886398315e-02 4.305109083652496338e-01
9.749541282653808594e-01 7.731057849014177918e-06 -2.680233307182788849e-02 2.207851856946945190e-01
1.000000000000000000e+00 0.000000000000000000e+00 0.000000000000000000e+00 0.000000000000000000e+00
9.010711312294006348e-01 1.757073775365824986e-08 -5.226200446486473083e-02 4.305107891559600830e-01
9.010711908340454102e-01 -4.754435778409060731e-08 -5.226211994886398315e-02 4.305109083652496338e-01
9.749541282653808594e-01 -2.794099174252551165e-08 -2.680234052240848541e-02 2.207851707935333252e-01
1.000000000000000000e+00 0.000000000000000000e+00 0.000000000000000000e+00 0.000000000000000000e+00
9.977601766586303711e-01 -1.429303269833326340e-02 -3.214081376791000366e-02 -5.689770728349685669e-02
9.963384866714477539e-01 4.050079733133316040e-02 -7.513007521629333496e-02 -4.976978059858083725e-03
9.997702240943908691e-01 -1.113270130008459091e-02 9.878451237455010414e-04 -1.829437538981437683e-02
1.000000000000000000e+00 0.000000000000000000e+00 0.000000000000000000e+00 0.000000000000000000e+00
9.028096795082092285e-01 -3.471321463584899902e-01 1.693148463964462280e-01 1.891207098960876465e-01
9.642033576965332031e-01 2.575582861900329590e-01 3.499653562903404236e-02 5.245054513216018677e-02
9.743752479553222656e-01 1.855965405702590942e-01 8.707873523235321045e-03 -1.267723590135574341e-01
9.950014948844909668e-01 -9.985999017953872681e-02 -6.603201541111047845e-08 1.154870243880168346e-08
1.000000000000000000e+00 0.000000000000000000e+00 0.000000000000000000e+00 0.000000000000000000e+00
9.356640577316284180e-01 -1.887870579957962036e-01 -2.068089991807937622e-01 -2.147610783576965332e-01
9.436912536621093750e-01 3.173975944519042969e-01 -4.162780568003654480e-02 -8.350410312414169312e-02
9.770010113716125488e-01 -7.775745540857315063e-02 -2.613522857427597046e-02 1.968241780996322632e-01
9.996337294578552246e-01 -2.706366032361984253e-02 8.809308837953722104e-09 1.209564004511776147e-08
1.000000000000000000e+00 0.000000000000000000e+00 0.000000000000000000e+00 0.000000000000000000e+00
#New slice
8.604861497879028320e-01 5.070742592215538025e-02 -5.060499906539916992e-01 3.009939938783645630e-02
9.995815157890319824e-01 1.131354551762342453e-02 2.646771073341369629e-02 -2.878723200410604477e-03
9.992205500602722168e-01 5.959546659141778946e-03 3.902218863368034363e-02 2.929312177002429962e-04
9.992212057113647461e-01 5.405126605182886124e-03 3.908564522862434387e-02 -3.585957456380128860e-04
9.899890422821044922e-01 1.262766122817993164e-01 4.523268342018127441e-02 4.393103346228599548e-02
9.454281330108642578e-01 -2.520011737942695618e-02 3.217041194438934326e-01 -4.513587057590484619e-02
1.000000000000000000e+00 0.000000000000000000e+00 0.000000000000000000e+00 0.000000000000000000e+00
1.000000000000000000e+00 0.000000000000000000e+00 0.000000000000000000e+00 0.000000000000000000e+00
1.000000000000000000e+00 0.000000000000000000e+00 0.000000000000000000e+00 0.000000000000000000e+00
9.996054172515869141e-01 3.798015415668487549e-03 -2.151861228048801422e-02 1.765154115855693817e-02
8.689144849777221680e-01 -2.998584508895874023e-01 -2.108455598354339600e-01 -3.325909078121185303e-01
7.556428313255310059e-01 2.184124525683728280e-08 -6.549839377403259277e-01 1.688472117677974893e-08
4.758683145046234131e-01 -8.493421673774719238e-01 2.034200876951217651e-01 1.038643717765808105e-01
9.979791045188903809e-01 -1.167429238557815552e-02 3.288396075367927551e-02 5.310479924082756042e-02
9.969691634178161621e-01 3.474843129515647888e-02 6.904087215662002563e-02 8.855608291923999786e-03
9.996489286422729492e-01 -4.745048005133867264e-03 1.385925430804491043e-02 2.207775227725505829e-02
1.000000000000000000e+00 0.000000000000000000e+00 0.000000000000000000e+00 0.000000000000000000e+00
9.714165329933166504e-01 -4.026650302080270194e-08 2.833455055952072144e-02 -2.356843203306198120e-01
9.714165329933166504e-01 6.711084132859923557e-09 2.833459526300430298e-02 -2.356842905282974243e-01
9.928284287452697754e-01 4.068791525924098096e-08 1.426960527896881104e-02 -1.186934038996696472e-01
1.000000000000000000e+00 0.000000000000000000e+00 0.000000000000000000e+00 0.000000000000000000e+00
9.714498519897460938e-01 -3.762871614299001521e-08 2.831825055181980133e-02 -2.355488836765289307e-01
9.713831543922424316e-01 2.157208189856874014e-09 2.835079841315746307e-02 -2.358198463916778564e-01
9.928284287452697754e-01 3.547001270476357604e-08 1.426958851516246796e-02 -1.186934188008308411e-01
1.000000000000000000e+00 0.000000000000000000e+00 0.000000000000000000e+00 0.000000000000000000e+00
9.714165329933166504e-01 -4.026650302080270194e-08 2.833455055952072144e-02 -2.356843203306198120e-01
9.714165329933166504e-01 6.711084132859923557e-09 2.833459526300430298e-02 -2.356842905282974243e-01
9.928284287452697754e-01 4.068791525924098096e-08 1.426960527896881104e-02 -1.186934038996696472e-01
1.000000000000000000e+00 0.000000000000000000e+00 0.000000000000000000e+00 0.000000000000000000e+00
9.708420038223266602e-01 8.462979458272457123e-03 6.268035620450973511e-02 -2.312257289886474609e-01
9.707559347152709961e-01 8.462990634143352509e-03 -6.047235336154699326e-03 -2.398431748151779175e-01
9.928284287452697754e-01 5.364472954738630506e-08 1.426962949335575104e-02 -1.186933815479278564e-01
1.000000000000000000e+00 0.000000000000000000e+00 0.000000000000000000e+00 0.000000000000000000e+00
9.956545829772949219e-01 -1.562038669362664223e-03 -5.622477084398269653e-02 7.421764731407165527e-02
6.494790911674499512e-01 -2.568898256868124008e-03 6.917101144790649414e-01 3.157649636268615723e-01
7.162013649940490723e-01 -2.479275963196414523e-06 6.978937983512878418e-01 2.494584350642981008e-06
8.280697464942932129e-01 -3.975515663623809814e-01 -3.349214792251586914e-01 -2.099544107913970947e-01
9.027583003044128418e-01 1.182157575385645032e-05 -5.183746665716171265e-02 4.270133376121520996e-01
9.027583003044128418e-01 -9.491098040825818316e-08 -5.183748155832290649e-02 4.270133376121520996e-01
9.753866791725158691e-01 7.662462309099282720e-08 -2.657279372215270996e-02 2.188944071531295776e-01
1.000000000000000000e+00 0.000000000000000000e+00 0.000000000000000000e+00 0.000000000000000000e+00
9.027582406997680664e-01 -1.145121686363381741e-07 -5.183753743767738342e-02 4.270133674144744873e-01
9.027582406997680664e-01 8.253129735180664284e-09 -5.183750018477439880e-02 4.270133376121520996e-01
9.753866791725158691e-01 7.662462309099282720e-08 -2.657279372215270996e-02 2.188944071531295776e-01
1.000000000000000000e+00 0.000000000000000000e+00 0.000000000000000000e+00 0.000000000000000000e+00
9.027582406997680664e-01 -1.145121686363381741e-07 -5.183753743767738342e-02 4.270133674144744873e-01
9.027582406997680664e-01 8.253129735180664284e-09 -5.183750018477439880e-02 4.270133376121520996e-01
9.753866791725158691e-01 7.831227776478044689e-06 -2.657280489802360535e-02 2.188943922519683838e-01
1.000000000000000000e+00 0.000000000000000000e+00 0.000000000000000000e+00 0.000000000000000000e+00
9.027582406997680664e-01 -1.145121686363381741e-07 -5.183753743767738342e-02 4.270133674144744873e-01
9.027582406997680664e-01 8.253129735180664284e-09 -5.183750018477439880e-02 4.270133376121520996e-01
9.753866791725158691e-01 7.662462309099282720e-08 -2.657279372215270996e-02 2.188944071531295776e-01
1.000000000000000000e+00 0.000000000000000000e+00 0.000000000000000000e+00 0.000000000000000000e+00
9.977601766586303711e-01 -1.429303269833326340e-02 -3.214081376791000366e-02 -5.689770728349685669e-02
9.963384866714477539e-01 4.050079733133316040e-02 -7.513007521629333496e-02 -4.976978059858083725e-03
9.997702240943908691e-01 -1.113270130008459091e-02 9.878451237455010414e-04 -1.829437538981437683e-02
1.000000000000000000e+00 0.000000000000000000e+00 0.000000000000000000e+00 0.000000000000000000e+00
9.009846448898315430e-01 -3.510511517524719238e-01 1.674396395683288574e-01 1.922334730625152588e-01
9.634540081024169922e-01 2.593072950839996338e-01 3.597699478268623352e-02 5.676244571805000305e-02
9.769306778907775879e-01 1.710796952247619629e-01 8.652893826365470886e-03 -1.275279074907302856e-01
9.959049820899963379e-01 -9.040619432926177979e-02 -3.779014434712735238e-08 2.963705370007119200e-08
1.000000000000000000e+00 0.000000000000000000e+00 0.000000000000000000e+00 0.000000000000000000e+00
9.377805590629577637e-01 -1.930944770574569702e-01 -2.018415033817291260e-01 -2.062581777572631836e-01
9.463720321655273438e-01 3.119341135025024414e-01 -2.624462544918060303e-02 -7.992724329233169556e-02
9.759939908981323242e-01 -8.597024530172348022e-02 -3.724554181098937988e-02 1.966155469417572021e-01
9.996895790100097656e-01 -2.491403371095657349e-02 2.498612730050808750e-07 -2.638422991196875955e-08
1.000000000000000000e+00 0.000000000000000000e+00 0.000000000000000000e+00 0.000000000000000000e+00
#New slice
